710 1559 3 6 3 2 1329.04 489.65
125682  32
125879  32
126027  32
126028  32
126166  32
126242  32
126295  32
126425  32
126442  32
126821  32
127215  32
127304  32
127806  32
128488  32
129385  32
129522  32
130107  82
130129  32
130928  82
131536  32
132994  82
133285  82
133667  85
133941  82
134090  85
134339  85
135012  85
135388  85
135650  82
135899  85
136944  85
137056  82
137338  85
137590  85
137620  85
138312  85
138515  85
138802  85
138975  85
139648  82
139802  82
139942  82
140230  82
140523  85
140674  82
125717  32
125773  32
126069  32
126163  32
126355  32
126406  32
126437  32
126552  32
126668  32
126672  32
126679  32
126734  32
126750  32
126819  32
126839  32
126876  32
126889  32
126931  32
126947  32
126975  32
127013  32
127020  32
127031  32
127046  32
127075  32
127180  32
127200  32
127206  32
127280  32
127315  32
127358  32
127376  32
127387  32
127408  32
127417  32
127435  32
127456  32
127479  32
127500  32
127505  32
127545  32
127559  32
127588  32
127640  32
127677  32
127736  32
127745  32
127760  32
127774  32
127902  32
127985  32
127992  32
127998  32
128068  32
128080  32
128083  32
128104  32
128115  32
128145  32
128165  32
128181  32
128183  32
128186  32
128211  32
128233  32
128239  32
128252  32
128283  32
128293  32
128318  32
128355  32
128357  32
128372  32
128472  32
128473  32
128508  32
128532  32
128536  32
128585  32
128592  32
128593  32
128616  32
128619  32
128679  32
128702  32
128720  32
128756  32
128760  32
128782  32
128788  32
128789  32
128807  32
128861  32
128893  32
128953  32
128961  32
128995  32
129009  32
129031  32
129034  32
129037  32
129040  32
129051  32
129137  32
129174  32
129182  32
129203  32
129206  32
129207  32
129219  32
129234  32
129246  32
129250  32
129290  32
129291  32
129295  32
129299  32
129305  32
129326  32
129327  32
129332  32
129333  32
129341  32
129345  32
129346  32
129350  32
129381  32
129387  32
129409  32
129420  32
129426  32
129433  32
129466  32
129510  32
129531  32
129542  32
129558  82
129597  32
129638  32
129649  32
129652  32
129680  82
129695  32
129763  32
129769  32
129779  32
129790  82
129793  32
129795  32
129805  82
129819  32
129838  32
129869  32
129893  32
129917  32
129930  32
129948  32
129969  32
129974  32
129975  32
129998  32
130027  32
130028  32
130040  32
130139  32
130232  32
130262  85
130269  32
130275  32
130279  32
130280  32
130283  32
130293  82
130304  32
130347  32
130410  85
130434  32
130467  32
130499  82
130506  32
130539  82
130612  32
130616  32
130659  85
130661  32
130692  32
130703  32
130738  32
130742  32
130747  32
130820  85
130850  32
130889  32
130933  82
130948  32
130966  85
130992  82
131010  82
131031  32
131044  32
131085  32
131103  32
131110  32
131117  82
131130  82
131138  85
131173  82
131177  85
131218  32
131281  32
131293  82
131325  32
131361  85
131407  85
131416  32
131452  82
131474  82
131509  32
131546  85
131549  32
131563  82
131571  32
131582  32
131603  32
131626  82
131651  85
131652  32
131671  32
131672  82
131687  32
131739  32
131743  85
131805  82
131823  82
131847  82
131862  82
131903  82
131910  32
131929  82
131940  82
131989  32
132026  85
132064  32
132101  85
132115  85
132151  82
132177  85
132182  85
132197  32
132205  85
132238  32
132242  32
132247  32
132251  82
132257  82
132260  82
132275  82
132285  82
132318  85
132319  85
132369  32
132371  82
132410  82
132457  85
132459  85
132521  82
132559  85
132579  82
132583  82
132590  85
132653  85
132676  85
132687  82
132693  85
132704  82
132716  82
132736  85
132744  82
132764  32
132766  32
132767  32
132770  32
132771  82
132774  32
132781  82
132788  82
132795  85
132806  85
132812  32
132817  82
132822  32
132827  85
132859  82
132861  32
132885  85
132914  82
132931  85
132952  85
132961  85
133002  82
133042  85
133109  85
133185  85
133213  82
133231  32
133242  85
133245  85
133246  82
133278  82
133289  82
133291  32
133296  32
133298  82
133307  82
133314  82
133340  85
133354  85
133359  85
133360  85
133361  82
133379  85
133382  82
133398  85
133405  32
133417  85
133447  85
133502  82
133573  85
133577  85
133633  82
133636  82
133656  82
133678  82
133679  85
133689  85
133691  82
133760  82
133792  82
133799  85
133800  85
133805  85
133814  85
133878  85
133883  85
133890  85
133900  82
133903  85
133908  82
133938  82
133954  82
133969  82
134009  85
134031  85
134033  85
134035  85
134036  85
134044  82
134088  85
134130  85
134147  82
134165  85
134175  85
134182  85
134190  85
134198  85
134223  85
134244  82
134250  82
134257  82
134269  85
134274  82
134292  82
134317  85
134319  85
134321  85
134328  82
134346  82
134354  85
134386  85
134408  82
134422  85
134423  82
134450  85
134465  82
134488  82
134529  82
134541  82
134546  85
134597  85
134617  82
134624  82
134669  85
134704  82
134715  85
134717  85
134730  82
134740  85
134769  82
134774  85
134806  85
134808  82
134832  85
134852  82
134855  85
134899  82
134904  85
134938  85
134942  85
134968  82
134991  82
135118  82
135132  85
135133  85
135137  82
135140  82
135147  85
135163  82
135174  85
135179  82
135215  85
135227  82
135301  82
135302  85
135325  85
135342  85
135348  85
135371  85
135383  85
135398  85
135430  82
135443  82
135464  85
135507  85
135514  82
135516  85
135540  85
135542  85
135565  85
135624  82
135654  85
135699  82
135729  85
135772  82
135793  85
135814  82
135833  82
135890  82
135891  85
135896  85
135900  85
135907  85
135916  82
135933  85
135939  82
135963  85
135970  85
135987  82
136015  85
136041  82
136044  85
136059  85
136094  85
136099  85
136108  85
136166  85
136172  82
136203  85
136231  85
136242  85
136257  82
136308  82
136320  82
136341  85
136376  85
136383  82
136420  85
136459  82
136462  85
136481  85
136492  85
136493  85
136494  82
136529  82
136533  85
136602  82
136648  82
136687  85
136689  85
136703  85
136714  82
136747  82
136752  85
136765  82
136766  85
136798  85
136824  82
136848  85
136849  82
136891  82
136910  85
136956  85
136972  82
137009  82
137027  85
137031  85
137054  85
137151  82
137163  82
137170  85
137190  85
137205  85
137249  82
137297  82
137329  82
137373  82
137398  85
137406  85
137432  85
137437  82
137461  85
137486  85
137505  85
137511  82
137615  85
137617  82
137653  82
137679  82
137684  85
137688  85
137714  82
137723  82
137740  85
137754  85
137762  85
137801  82
137802  85
137819  85
137837  85
137845  82
137846  82
137872  82
137917  85
137930  85
137946  82
138063  85
138105  85
138120  82
138172  82
138226  85
138328  82
138335  82
138376  85
138396  82
138443  82
138445  82
138453  82
138455  85
138471  85
138517  85
138531  85
138534  82
138550  85
138570  85
138578  85
138586  85
138591  82
138599  82
138608  85
138631  85
138652  85
138674  85
138678  85
138707  85
138728  82
138732  82
138736  85
138760  82
138791  82
138825  85
138835  82
138841  82
138852  82
138891  82
138914  82
138971  85
138976  85
138996  82
139003  82
139046  82
139059  82
139064  82
139083  82
139110  82
139145  85
139179  85
139191  82
139196  85
139230  82
139251  82
139276  82
139291  85
139292  82
139299  85
139336  82
139344  82
139356  82
139374  82
139389  85
139397  82
139417  85
139419  82
139430  85
139437  82
139457  85
139465  82
139473  82
139485  82
139495  82
139496  82
139511  82
139521  82
139531  82
139543  82
139572  82
139602  82
139636  82
139649  82
139692  82
139700  82
139772  82
139817  82
139845  82
139857  82
139889  82
139901  82
139918  82
139972  82
139983  82
139989  82
140001  82
140038  85
140044  82
140045  85
140051  85
140058  82
140061  85
140065  82
140074  85
140096  82
140139  82
140146  82
140189  82
140289  82
140304  82
140309  85
140355  82
140362  82
140465  82
140502  82
140533  82
140543  82
140553  82
140777  82
140821  85
140825  82
125682  126679  6.63    143.76
125879  126668  1.00    120.53
126027  126672  12.13   105.91
126028  126679  8.43    106.41
126166  126819  10.94   93.60
126242  126750  7.80    80.37
126242  126406  13.33   35.95
126295  126839  7.67    78.05
126406  125717  6.83    94.78
126425  127200  0.00    119.53
126442  126672  7.17    77.39
126668  125773  4.97    127.80
126668  126355  6.81    102.66
126672  127031  4.93    113.48
126672  127280  11.00   105.17
126679  127013  10.00   55.13
126750  127206  9.20    80.27
126819  127376  9.08    86.16
126821  127075  6.50    77.88
126821  127180  8.36    59.64
126821  126163  10.09   105.61
126839  127408  3.85    86.38
126839  127013  7.06    60.78
126889  127180  6.84    100.71
126931  126819  8.85    90.66
126947  126839  4.77    43.83
126947  126668  5.04    41.29
126975  126406  8.70    86.14
127013  127206  10.38   68.78
127020  126889  8.00    97.17
127020  126069  5.42    139.05
127020  127456  4.55    77.93
127031  127774  5.77    118.18
127046  126931  6.25    90.66
127046  126437  8.00    91.51
127075  127280  9.11    77.93
127180  127640  6.50    68.24
127200  127358  0.00    114.37
127206  127435  6.00    67.70
127215  127315  8.25    84.80
127280  127505  11.50   68.00
127304  128068  0.00    111.60
127315  127417  6.92    81.14
127315  127046  4.00    44.40
127358  126734  0.00    140.17
127376  127985  10.39   86.16
127408  127992  7.50    86.91
127408  127736  1.00    96.94
127417  126552  9.63    136.55
127417  127588  9.78    82.10
127435  127545  7.67    33.48
127456  127985  6.67    78.69
127479  127031  8.32    131.68
127500  126947  7.76    86.15
127505  127677  5.00    54.53
127505  128318  9.36    110.41
127545  127760  7.79    52.77
127545  126975  9.27    86.14
127559  127020  5.27    84.93
127588  127745  9.31    63.18
127588  128239  10.79   96.49
127640  128616  6.57    129.88
127640  127998  8.58    120.70
127736  128283  10.00   74.36
127736  127435  8.40    94.13
127745  127358  0.00    61.13
127745  128372  10.09   89.15
127745  127902  8.23    60.14
127774  128536  7.73    97.24
127774  128807  11.64   141.17
127806  126876  0.00    141.34
127902  128183  8.15    94.41
127985  128080  2.00    75.27
127985  128788  11.04   102.84
127992  127736  8.83    63.43
127992  128355  7.33    51.87
127998  128616  9.04    109.81
127998  128318  9.52    85.45
128068  128145  2.43    15.88
128080  128186  7.40    75.28
128083  127479  10.67   91.19
128104  127500  3.67    85.72
128104  127992  0.00    29.00
128115  128068  2.00    40.89
128115  127387  2.20    103.88
128145  128293  0.00    21.19
128145  128183  7.50    28.77
128165  128211  0.00    10.06
128165  127479  6.44    101.94
128181  127559  8.95    85.13
128181  127640  9.48    147.99
128183  128293  0.00    22.96
128186  128473  0.00    45.65
128186  128233  7.38    30.92
128211  128756  6.40    73.97
128211  128104  5.83    24.84
128233  127315  7.00    124.87
128239  128893  9.07    96.41
128252  128211  0.00    9.33
128252  128165  20.00   11.34
128283  128861  5.50    73.14
128283  127760  9.24    129.91
128293  128508  4.25    28.63
128318  129246  8.72    118.69
128355  128585  1.00    35.02
128355  128472  8.50    19.42
128357  128115  9.83    33.57
128372  128961  6.29    89.25
128472  128283  10.50   51.36
128472  128861  6.50    66.84
128473  128233  11.00   31.90
128488  128357  0.00    31.25
128508  128679  1.00    32.20
128508  128720  0.00    84.14
128532  128592  7.21    28.68
128532  128357  0.00    24.68
128536  129326  7.75    97.26
128585  128104  1.67    69.20
128585  128756  0.00    39.73
128592  128702  20.00   37.54
128593  127902  8.95    98.07
128616  129332  9.86    89.15
128619  128532  0.00    13.03
128679  128619  0.00    35.74
128679  129031  5.75    48.91
128720  128593  8.86    83.48
128756  128789  0.00    7.83
128756  129207  6.00    61.82
128760  128473  10.00   37.00
128782  128181  9.00    77.02
128788  129638  15.25   102.79
128789  128252  7.25    72.63
128807  128995  6.50    32.75
128807  128083  6.25    92.05
128861  129009  0.00    20.32
128861  129341  4.67    112.39
128893  128760  6.90    93.65
128953  128893  9.42    45.98
128961  128953  0.00    19.42
128995  129040  0.00    8.08
128995  128252  9.20    120.48
129009  129037  20.00   13.36
129009  129137  0.00    16.20
129031  129219  0.00    27.31
129031  129597  3.00    65.92
129034  128953  3.00    20.89
129034  128961  10.00   10.67
129037  128585  6.00    85.29
129040  129174  0.00    36.24
129051  128961  10.22   63.24
129051  128593  7.68    70.29
129137  129819  1.00    74.31
129137  129037  0.00    17.65
129174  129182  0.00    7.69
129182  129206  0.00    3.83
129203  129246  6.08    80.47
129203  129779  8.18    64.80
129206  129345  0.00    15.33
129206  129333  10.00   39.64
129207  129291  0.00    9.65
129207  129250  0.00    6.43
129219  129305  0.00    39.90
129219  129387  0.00    21.03
129234  129051  10.06   112.09
129246  129332  8.71    107.27
129246  129838  9.38    93.22
129250  128789  6.33    63.43
129250  129420  0.00    22.58
129290  129203  10.00   26.37
129291  129510  0.00    31.36
129295  129174  3.00    15.33
129295  129040  1.00    37.41
129299  129234  7.83    45.03
129305  129387  5.50    45.98
129305  129299  0.00    4.50
129326  129290  8.67    31.12
129326  129466  3.00    15.56
129327  129250  0.00    9.82
129332  129381  9.68    78.22
129333  129345  0.00    39.43
129333  129420  1.00    29.63
129341  129558  1.00    110.62
129345  129350  0.00    11.88
129346  128619  5.50    99.69
129350  129295  0.00    7.34
129381  129433  5.50    78.21
129385  130139  10.00   91.83
129387  129597  1.00    41.71
129409  128760  9.67    76.96
129409  129917  0.00    58.67
129420  129542  0.00    39.90
129426  129034  1.67    90.67
129433  128782  4.45    77.03
129466  129290  6.40    39.92
129466  130283  2.89    94.18
129510  129649  0.00    26.28
129522  129652  0.00    43.71
129531  129137  1.67    85.57
129542  129327  0.00    29.62
129542  129510  0.00    7.31
129558  129790  9.33    122.06
129597  130659  6.63    144.87
129638  129433  8.17    82.85
129649  129869  0.00    38.64
129652  129763  4.67    30.16
129652  130027  0.00    38.73
129680  129531  8.25    62.94
129680  130539  3.00    103.88
129695  129649  0.00    6.61
129695  129542  0.00    29.24
129763  129409  20.00   43.36
129763  129917  7.38    37.36
129769  129426  10.67   90.56
129779  129838  9.85    132.37
129779  130304  10.40   61.71
129793  129638  8.42    91.79
129795  129234  6.40    62.87
129795  129769  20.00   6.65
129805  129558  4.75    36.08
129805  129680  10.00   60.34
129838  129948  1.00    22.22
129869  129819  0.00    10.99
129893  129695  0.00    79.36
129917  129969  4.25    7.85
129930  129869  5.53    11.10
129930  129893  0.00    6.68
129948  130347  3.00    52.10
129948  130279  9.00    83.20
129969  129793  9.88    91.79
129969  130742  10.43   128.88
129974  129769  9.17    143.36
129975  129998  0.00    9.78
129975  129819  0.00    15.49
129998  130499  1.00    80.48
129998  129930  0.00    14.68
130027  130232  6.80    27.40
130028  129299  8.50    88.62
130040  130269  14.33   113.50
130107  129805  5.33    149.51
130129  130027  8.13    73.13
130139  129346  5.17    99.62
130232  129763  4.67    54.05
130262  130410  5.43    53.12
130269  129350  6.88    149.18
130275  129638  12.74   111.00
130279  130467  7.43    79.20
130279  130275  10.04   107.53
130280  130269  0.00    7.99
130280  130703  3.00    58.47
130283  130280  3.00    13.11
130283  130738  4.25    60.81
130293  131130  10.00   146.43
130293  129531  20.00   92.80
130304  130283  7.64    77.41
130347  130304  6.17    130.56
130410  130139  0.00    43.50
130410  130659  9.82    75.04
130434  129930  8.69    79.11
130467  130347  6.75    42.82
130499  131010  0.00    80.74
130506  130612  10.07   119.35
130506  129795  6.42    105.45
130539  131293  7.00    103.86
130612  130661  9.92    128.50
130612  131218  6.20    96.89
130616  130028  6.50    88.72
130616  130506  6.86    75.20
130659  130820  4.35    20.89
130659  130616  7.07    69.53
130661  130692  7.56    60.34
130692  130616  0.00    8.14
130692  130820  7.50    66.83
130703  131452  8.17    109.91
130738  130703  3.00    32.80
130738  130850  0.00    14.46
130742  131044  9.63    127.54
130742  131671  7.88    146.27
130747  130040  11.00   118.67
130820  131138  6.43    75.86
130820  130966  7.11    111.01
130850  131509  8.00    107.02
130889  130850  6.57    49.25
130889  131571  10.14   137.08
130928  131117  7.67    77.00
130933  131010  0.00    17.08
130933  130434  10.70   79.30
130948  130232  9.52    97.38
130966  130262  5.83    96.65
130966  131177  8.29    139.77
130992  129975  10.32   142.35
131010  131474  0.00    86.77
131031  131103  6.50    79.18
131031  130889  11.20   124.14
131044  131281  4.00    126.47
131085  131031  3.00    42.26
131085  130467  14.33   87.03
131103  131085  0.00    15.05
131110  129974  9.94    154.31
131110  130948  12.37   143.96
131117  131563  11.50   146.98
131117  131672  8.50    88.07
131130  131929  0.00    145.58
131138  131361  11.67   78.25
131138  131546  7.00    100.07
131173  130293  11.50   118.79
131173  131293  0.00    43.02
131218  131110  9.69    71.89
131218  131603  2.14    79.73
131281  131103  0.00    122.30
131281  131652  10.42   134.85
131293  131823  0.00    81.11
131293  131672  3.00    123.39
131325  130948  15.00   55.38
131325  131416  10.00   104.84
131361  131549  9.33    77.69
131452  132260  10.79   125.66
131452  130747  7.14    119.11
131452  131862  14.33   76.81
131474  130933  10.75   90.68
131509  131571  9.21    102.85
131509  132251  9.15    144.45
131536  132064  9.07    83.17
131546  131651  4.25    96.27
131549  131218  10.57   116.14
131549  130661  8.80    149.99
131571  131652  12.38   82.43
131571  131910  9.00    75.66
131582  131325  8.78    46.40
131582  132064  5.54    101.49
131603  131989  8.21    79.58
131626  131474  0.00    22.64
131626  131903  10.00   45.01
131651  131743  11.50   91.45
131651  130966  9.57    100.09
131652  131739  9.20    93.94
131671  132197  7.94    84.09
131671  131687  10.00   105.37
131672  131940  0.00    76.35
131672  132285  0.00    105.92
131687  131281  8.38    108.39
131739  132238  9.71    98.94
131743  132459  9.75    123.07
131805  131173  0.00    96.33
131823  132275  0.00    79.67
131847  130992  6.50    141.06
131862  132257  5.50    76.86
131903  132410  3.00    81.30
131910  132242  13.33   75.81
131929  132716  10.00   122.63
131989  132369  6.05    83.62
131989  131582  8.60    96.33
132064  132812  8.57    112.48
132101  132026  0.00    78.57
132151  131929  0.00    99.15
132182  132101  0.00    78.57
132182  131651  8.00    83.67
132197  132766  9.03    84.12
132205  132318  7.29    20.34
132205  131407  7.32    136.99
132238  132764  9.44    76.29
132242  132238  8.63    113.22
132247  132687  10.10   64.24
132247  132242  10.16   32.42
132251  132247  10.00   92.34
132251  132583  4.36    62.08
132257  132788  8.63    76.02
132257  132251  8.82    93.30
132260  132257  8.40    120.00
132260  132579  10.78   50.85
132275  132371  0.00    41.02
132275  132521  0.00    86.92
132318  132653  6.50    60.05
132319  131989  2.33    78.06
132369  132812  4.39    83.53
132371  131805  0.00    95.31
132371  132744  0.00    100.24
132457  132319  9.43    121.92
132457  132115  11.00   60.85
132459  132693  5.80    39.27
132521  132817  7.75    86.84
132559  133417  6.88    124.02
132559  132457  6.50    97.00
132579  132914  12.33   76.00
132583  132781  5.71    29.11
132590  132177  1.00    62.57
132590  132559  10.00   28.43
132653  133398  6.92    137.86
132676  133689  8.00    146.16
132676  132590  11.88   79.81
132687  132583  15.00   63.13
132693  132795  3.00    15.83
132693  132885  9.08    33.13
132704  131847  9.65    141.45
132716  133213  14.00   117.28
132736  132205  1.00    88.05
132736  132318  0.00    80.88
132744  132151  0.00    101.96
132764  132770  3.44    80.63
132766  132767  6.60    97.72
132767  132764  7.03    97.72
132770  132771  6.08    80.63
132771  132687  9.23    10.29
132774  132766  5.42    64.60
132774  132861  6.57    34.67
132781  132788  8.00    116.86
132781  133002  7.67    52.85
132788  132914  11.41   70.19
132795  132931  6.82    25.93
132795  132806  0.00    30.72
132806  132182  7.25    89.33
132806  132961  3.00    24.98
132806  132676  11.20   89.80
132812  132822  5.33    1.99
132822  132774  1.00    40.36
132822  132861  2.83    9.21
132827  132457  9.80    58.23
132827  133340  9.80    110.06
132861  133296  4.75    123.85
132885  132736  6.25    24.59
132914  133314  4.43    82.92
132931  132806  0.00    23.90
132931  132952  0.00    4.67
132952  132961  0.00    17.34
132952  133359  9.95    78.57
132961  133360  6.50    78.15
132994  133502  2.33    101.58
133002  132771  1.50    54.57
133109  132885  1.67    45.44
133109  132931  0.00    30.93
133185  132319  5.71    125.71
133185  133245  10.00   67.24
133213  133633  1.00    99.16
133231  132766  9.54    105.90
133242  133109  0.00    23.50
133245  133340  8.67    90.35
133245  132827  10.00   74.02
133246  132371  11.50   137.14
133246  132859  0.00    85.93
133278  132914  8.60    77.06
133278  133361  5.64    103.92
133285  133298  6.00    67.46
133289  132764  8.79    103.59
133289  133291  10.00   102.02
133291  133231  8.67    102.25
133296  133405  4.80    29.48
133296  133379  7.25    53.38
133298  133002  2.00    42.83
133298  133289  9.15    128.33
133307  133278  2.07    24.54
133314  132704  19.50   136.80
133314  133382  0.00    13.76
133340  133417  20.00   56.20
133354  133242  0.00    23.21
133359  133814  7.52    78.57
133360  133805  0.00    78.12
133361  133382  5.80    16.70
133361  133900  5.33    107.04
133379  133447  7.00    41.76
133379  134009  0.00    91.77
133382  133792  4.25    82.82
133382  133502  2.61    102.52
133398  133242  6.08    60.74
133398  133878  13.27   85.26
133405  133678  5.45    111.46
133405  134036  6.33    93.33
133417  133903  5.50    69.64
133447  133577  7.23    85.77
133447  134033  0.00    85.65
133502  133656  5.60    118.89
133502  133792  10.33   57.75
133573  133398  7.77    61.25
133573  133042  10.30   97.16
133577  133679  5.45    85.71
133633  134274  10.50   102.81
133636  133307  2.67    98.13
133656  134244  6.50    125.53
133656  133213  9.91    89.84
133656  133760  2.34    60.69
133667  133573  9.82    121.81
133678  133908  5.81    100.08
133678  134250  3.00    97.91
133679  133799  7.88    106.30
133679  133185  7.00    71.68
133679  134198  5.47    77.93
133689  133805  0.00    15.60
133689  133883  0.00    27.15
133691  133289  7.93    77.25
133691  133298  0.00    93.18
133760  133954  2.60    46.86
133760  134147  3.00    78.76
133792  134328  9.60    113.77
133792  134244  5.14    95.13
133799  133903  6.00    106.30
133800  133354  10.00   76.39
133805  133890  1.00    17.07
133814  133890  8.88    14.86
133878  134321  6.40    85.26
133890  134035  9.40    27.71
133900  134408  9.50    107.04
133903  134422  3.00    75.96
133903  134035  11.13   115.02
133908  134423  4.00    111.69
133908  133969  5.93    32.09
133938  134408  11.50   92.77
133938  133307  6.00    127.71
133941  133246  0.00    106.28
133954  134257  1.00    53.21
133954  134346  6.90    81.74
133969  134044  5.31    104.65
134009  134036  3.00    35.40
134031  134009  0.00    22.58
134033  134031  0.00    20.13
134035  134165  1.67    25.73
134035  134130  0.00    14.52
134036  134354  6.50    49.52
134044  133636  6.94    98.83
134044  133691  3.56    69.17
134088  134317  10.00   99.21
134088  134597  8.67    118.15
134090  134250  7.25    50.91
134130  134190  5.60    16.35
134147  134529  6.50    78.76
134165  134942  8.06    147.12
134175  134088  9.06    77.14
134182  134033  7.25    93.27
134190  133800  8.67    76.40
134190  134223  0.00    11.08
134198  134717  8.17    77.93
134223  134321  9.92    49.56
134244  134529  8.14    55.75
134244  134769  9.50    114.23
134250  134292  10.00   8.63
134257  134541  10.00   43.21
134269  134165  1.00    25.62
134274  134617  0.00    98.94
134317  134669  10.65   122.04
134317  134832  8.00    99.27
134319  134269  0.00    5.79
134319  134190  1.50    21.53
134321  134175  9.80    77.25
134321  134855  9.80    104.10
134328  134852  5.25    113.77
134339  134182  0.00    43.99
134346  134704  9.11    81.74
134354  134450  20.00   26.44
134408  134852  7.00    96.47
134422  134904  8.67    75.96
134423  134899  10.29   111.58
134450  134031  10.00   62.76
134450  134715  14.33   85.43
134465  133969  8.80    77.01
134488  133938  8.91    113.45
134529  134704  8.50    41.04
134541  135118  7.78    131.64
134541  135163  3.42    117.80
134546  134319  7.80    42.04
134597  135132  9.86    119.39
134624  134257  11.20   76.34
134669  135174  8.86    123.66
134704  134968  9.20    55.43
134704  135227  6.71    113.70
134715  135371  7.25    130.66
134715  134740  6.50    20.39
134717  134806  6.00    103.01
134717  134938  8.33    33.05
134730  134408  11.86   76.16
134740  134774  0.00    16.50
134740  134386  0.00    58.33
134769  135301  4.00    114.23
134774  134182  0.00    89.76
134774  134938  6.50    94.24
134806  134904  9.00    103.01
134808  134465  4.17    75.22
134832  135215  5.75    97.07
134852  135179  12.60   76.03
134852  135301  8.00    95.51
134855  135342  6.25    103.52
134899  134354  7.00    109.72
134899  135371  7.00    110.59
134904  134942  0.00    34.45
134938  135302  4.50    56.11
134942  135133  5.40    39.99
134968  134624  5.33    76.36
134968  135140  0.00    39.53
134991  134808  20.00   38.32
134991  134488  17.67   113.45
135012  135325  5.73    89.10
135118  135137  0.00    77.87
135118  135140  0.00    5.99
135132  135933  10.00   131.00
135133  135348  3.00    37.06
135137  135163  12.50   77.87
135140  135624  9.20    97.17
135140  135699  6.40    113.36
135147  134546  11.50   119.73
135174  136099  6.00    138.66
135174  135132  1.00    61.70
135179  135890  5.18    149.76
135179  134730  3.00    96.90
135215  135174  7.25    91.97
135215  135970  7.94    127.44
135227  135772  6.29    113.70
135301  135833  7.83    112.22
135301  135772  8.67    95.92
135302  135464  1.67    24.45
135325  135565  6.43    67.82
135325  135215  8.33    107.12
135342  135147  6.50    45.92
135348  135398  0.00    6.23
135348  135507  2.00    29.77
135371  135654  11.50   61.64
135371  135916  13.25   110.11
135383  135302  9.40    94.58
135388  135325  7.73    76.02
135398  135516  1.00    20.83
135430  134730  5.00    149.02
135430  134991  15.00   93.67
135443  134808  6.10    144.89
135443  134899  8.25    111.39
135464  135900  5.33    145.65
135464  135891  4.94    64.71
135507  136059  9.46    91.65
135507  135383  5.33    94.94
135514  134991  9.00    113.23
135516  135542  1.00    4.49
135540  135507  3.00    5.26
135542  135147  9.50    71.04
135542  135907  8.60    93.91
135565  136108  7.25    86.33
135565  136044  7.36    112.87
135624  135987  3.00    78.45
135624  136172  10.00   113.10
135650  135624  7.11    117.23
135650  135987  5.33    75.76
135654  135900  4.67    58.14
135699  136257  10.20   113.36
135729  135540  0.00    27.27
135772  136320  6.67    112.54
135772  136257  5.36    96.08
135793  135542  0.00    43.61
135793  135729  0.00    11.22
135814  135443  10.18   82.05
135833  136383  5.57    112.22
135890  135430  0.00    96.28
135890  136459  9.83    112.96
135891  136166  5.31    38.47
135896  135793  3.00    18.58
135899  135654  0.00    50.44
135900  136492  13.33   109.93
135900  136376  18.25   99.43
135907  135342  7.75    89.96
135916  135814  9.40    29.26
135933  136242  10.75   76.44
135939  135430  5.83    112.98
135963  135891  8.63    79.80
135970  136044  11.50   17.74
135970  136341  10.00   49.83
135987  136308  7.67    55.90
135987  136494  11.00   87.09
136015  135933  3.00    25.98
136041  135814  4.75    51.04
136041  135514  7.50    113.23
136044  136341  10.56   46.82
136059  135963  18.00   79.80
136059  136687  8.00    96.52
136094  135896  9.13    29.58
136099  136015  0.00    38.26
136099  136752  7.86    103.87
136166  136376  2.00    38.04
136172  136714  7.36    113.10
136203  135907  8.67    64.40
136203  135896  12.00   68.13
136231  136094  10.00   16.66
136242  136703  13.25   79.68
136257  136765  10.75   112.66
136257  136714  8.67    97.63
136320  136824  11.00   112.54
136341  136689  8.10    55.29
136376  136910  5.97    110.15
136376  136493  6.28    25.94
136383  136891  4.67    112.82
136383  135890  5.80    95.67
136420  136231  4.25    54.50
136420  136203  7.00    41.95
136459  136972  6.70    112.96
136462  136108  11.20   89.32
136481  136015  20.00   76.81
136492  135916  12.89   119.66
136493  136166  4.86    45.95
136493  136533  10.00   6.16
136494  137163  6.00    144.92
136494  136747  11.00   41.25
136529  135939  5.67    113.23
136529  136041  7.67    93.96
136533  137054  0.00    79.46
136602  136849  0.00    56.93
136602  136308  10.00   64.53
136648  136041  8.33    121.94
136687  137406  5.86    128.41
136687  136533  5.80    134.32
136689  136766  20.00   16.94
136689  137486  2.71    119.19
136703  136956  9.00    39.91
136703  136420  7.00    73.22
136714  137249  11.00   112.90
136714  137163  8.67    94.17
136747  137151  3.00    63.53
136747  136602  0.00    31.78
136752  137398  7.43    104.13
136765  137297  10.90   112.66
136766  137031  10.56   51.58
136766  136462  8.57    89.22
136798  136231  5.17    95.20
136824  136383  7.67    96.40
136824  137373  9.17    112.69
136848  136687  1.00    34.85
136848  136798  0.00    10.62
136891  137437  11.50   112.82
136910  137027  7.00    23.53
136910  136492  3.00    98.87
136944  136481  2.33    78.11
136956  137432  20.00   75.35
136972  137329  4.75    75.68
136972  136529  5.33    95.01
137009  136529  7.89    106.44
137027  137205  4.91    38.58
137054  137762  8.67    101.35
137056  137151  0.00    20.32
137151  137653  11.20   101.30
137163  137653  7.14    96.04
137163  137723  6.50    113.08
137170  136848  0.00    55.01
137190  136798  6.85    83.35
137190  137837  9.20    107.44
137205  136648  3.75    121.63
137205  137754  6.46    79.88
137249  137801  6.00    112.59
137297  137872  10.00   112.57
137297  136824  7.00    94.63
137329  137845  9.33    95.82
137329  137714  9.50    75.27
137338  137027  0.00    72.11
137373  137946  2.50    112.69
137398  137917  6.25    71.53
137398  136956  7.67    112.30
137406  137740  2.66    55.07
137406  137054  7.00    87.48
137432  138105  6.50    98.90
137432  137190  7.40    55.80
137437  137845  4.25    76.73
137437  136972  11.00   96.15
137486  137819  3.00    45.33
137486  137615  11.50   49.32
137505  137170  4.32    58.95
137511  137009  8.80    106.44
137511  137679  3.00    23.93
137590  137688  7.67    20.74
137617  137679  6.50    23.14
137617  137511  7.89    22.69
137620  137398  2.00    60.41
137653  137846  8.67    36.54
137679  138120  13.83   78.85
137684  137461  0.00    50.87
137684  137432  2.33    56.54
137688  137930  5.60    57.64
137714  138120  7.80    75.27
137723  138328  7.80    113.08
137740  137762  8.27    51.24
137740  138226  6.06    77.11
137754  137617  10.67   59.82
137762  138376  11.50   80.68
137801  138396  11.00   112.43
137801  137297  8.45    97.04
137802  137505  11.50   47.49
137837  137505  11.00   82.50
137845  138599  9.57    149.30
137846  138172  7.67    57.07
137846  138335  6.11    91.12
137872  138445  0.00    112.57
137917  138570  8.67    117.11
137917  137684  3.00    57.00
137930  137754  3.00    23.38
137946  138534  2.33    113.40
137946  137437  6.50    95.05
138063  137802  0.00    42.28
138105  138678  5.13    87.54
138105  137837  6.43    67.63
138120  138443  6.00    64.82
138120  138599  8.00    95.13
138172  138453  8.17    59.50
138226  138376  3.75    24.13
138312  137917  12.29   91.29
138312  138652  8.60    92.93
138328  137801  7.67    94.98
138328  138841  8.13    112.29
138335  138760  6.28    91.09
138376  138455  8.33    15.40
138396  138914  2.00    112.43
138443  139110  7.38    141.48
138445  137946  0.00    94.25
138445  139003  3.00    113.94
138453  138835  5.00    82.44
138455  138674  0.00    37.58
138455  138517  0.00    8.93
138471  137930  5.20    75.99
138515  137684  25.80   131.17
138517  138608  8.67    23.88
138531  137802  8.07    126.13
138534  139064  12.06   113.40
138550  138531  8.00    26.33
138570  139196  8.57    117.39
138578  138063  10.67   78.06
138578  138550  10.00   38.58
138586  138063  5.67    87.57
138591  138172  9.20    85.31
138599  138852  5.17    55.23
138608  138586  0.00    5.88
138652  139145  9.00    96.07
138674  138976  7.07    67.41
138674  137688  10.00   137.38
138678  138631  0.00    9.71
138707  138578  1.67    24.15
138728  138443  7.20    56.09
138736  138707  4.43    74.30
138736  138586  0.00    26.44
138760  138791  0.00    6.85
138791  139083  5.71    62.81
138791  138328  12.60   96.87
138802  138678  0.00    37.12
138825  138736  5.83    20.74
138835  139230  10.60   82.44
138841  139397  9.20    112.29
138852  139064  1.67    42.19
138852  139292  10.20   91.38
138891  138728  1.00    38.73
138891  138599  13.67   64.29
138914  139485  6.17    113.74
138914  138445  1.00    97.99
138971  139196  7.86    75.33
138971  138531  9.00    67.88
138975  139145  9.83    123.97
138976  139110  7.00    34.87
138976  138471  6.07    76.01
138996  138591  20.00   85.31
138996  138760  4.67    59.78
139003  139572  20.00   113.65
139059  138732  8.33    78.16
139064  139344  2.25    55.16
139064  139531  5.43    90.36
139083  139437  3.00    67.01
139083  139496  6.00    80.75
139110  139251  9.50    35.15
139145  139291  7.80    21.39
139179  138976  9.00    32.04
139179  138825  4.92    76.96
139196  139299  9.00    38.72
139230  138996  1.40    57.26
139230  139692  10.00   90.22
139251  139356  0.00    22.49
139251  139336  0.00    23.03
139276  139179  0.00    25.21
139291  139299  3.00    67.13
139292  139772  0.00    91.39
139299  139417  8.36    141.99
139336  139465  11.50   30.80
139336  139356  5.33    5.06
139336  138728  15.50   130.27
139344  139572  2.50    40.86
139344  139817  1.00    90.92
139356  139374  0.00    0.94
139374  139495  8.00    16.90
139389  138971  0.00    69.77
139389  138550  0.00    122.96
139397  138914  10.00   95.76
139397  139983  8.67    114.25
139417  139430  9.00    52.69
139417  139389  0.00    4.35
139419  139059  0.00    78.16
139419  139230  3.00    45.87
139430  138825  8.86    148.33
139430  138707  5.78    107.93
139437  139692  8.67    47.33
139437  139191  10.00   46.18
139457  139179  3.14    38.54
139457  140074  4.44    87.12
139465  139511  0.00    9.97
139473  139465  0.00    4.97
139485  140065  6.25    113.75
139495  139521  0.00    5.27
139496  139901  8.67    80.75
139511  138891  10.00   121.55
139511  139772  2.50    53.71
139521  139276  3.00    57.88
139521  139457  11.20   82.63
139531  139989  10.00   90.35
139572  139857  6.50    55.38
139572  140044  3.00    93.62
139602  139473  0.00    23.07
139636  139602  0.00    5.66
139636  139521  0.00    30.32
139648  140189  0.00    87.49
139649  139046  7.20    145.74
139649  139419  7.80    45.06
139692  139889  0.00    35.78
139700  140139  10.00   62.77
139700  139636  3.27    14.94
139772  139989  9.04    42.29
139802  139437  0.00    73.09
139817  140289  6.50    90.88
139845  139700  0.00    28.32
139857  140355  8.67    97.67
139857  140065  9.33    40.57
139889  140058  20.00   36.01
139889  140001  5.80    26.23
139901  139397  11.50   96.69
139901  140304  7.28    77.15
139918  139649  0.00    46.66
139942  140146  8.67    36.07
139972  139845  6.00    25.44
139972  140096  0.00    16.85
139983  140543  10.00   114.25
139989  140289  0.00    55.20
140001  140189  5.33    47.38
140001  139543  0.00    89.73
140044  140502  2.00    93.62
140045  140038  4.18    75.99
140051  140045  6.67    75.99
140061  140051  8.00    82.60
140065  140553  10.00   100.71
140065  140362  1.00    55.88
140074  140061  6.33    82.60
140074  140309  2.43    32.74
140096  140533  7.57    62.08
140139  140096  5.85    45.32
140146  140777  8.47    130.73
140146  139918  11.25   52.60
140189  140825  10.25   139.67
140230  140001  0.00    40.76
140289  140502  16.30   40.60
140309  140465  8.90    95.62
140309  140821  5.93    83.78
140523  140051  11.20   67.59
140674  139972  7.25    134.52
125717  126406  6.83    94.78
126069  127020  5.42    139.05
126406  126975  8.70    86.14
126406  126242  13.33   35.95
126437  127046  8.00    91.51
126672  126442  7.17    77.39
126672  126027  12.13   105.91
126679  126028  8.43    106.41
126679  125682  6.63    143.76
126734  127358  0.00    140.17
126750  126242  7.80    80.37
126819  126166  10.94   93.60
126819  126931  8.85    90.66
126876  127806  0.00    141.34
126931  127046  6.25    90.66
126975  127545  9.27    86.14
127013  126679  10.00   55.13
127031  126672  4.93    113.48
127046  127315  4.00    44.40
127075  126821  6.50    77.88
127180  126821  8.36    59.64
127200  126425  0.00    119.53
127206  126750  9.20    80.27
127280  127075  9.11    77.93
127280  126672  11.00   105.17
127315  127215  8.25    84.80
127315  128233  7.00    124.87
127358  127200  0.00    114.37
127376  126819  9.08    86.16
127417  127315  6.92    81.14
127479  128083  10.67   91.19
127505  127280  11.50   68.00
127588  127417  9.78    82.10
127677  127505  5.00    54.53
127736  127408  1.00    96.94
127745  127588  9.31    63.18
127760  128283  9.24    129.91
127760  127545  7.79    52.77
127774  127031  5.77    118.18
127902  127745  8.23    60.14
127985  127376  10.39   86.16
128068  128115  2.00    40.89
128080  127985  2.00    75.27
128083  128807  6.25    92.05
128115  128357  9.83    33.57
128145  128068  2.43    15.88
128183  127902  8.15    94.41
128186  128080  7.40    75.28
128233  128186  7.38    30.92
128233  128473  11.00   31.90
128239  127588  10.79   96.49
128283  127736  10.00   74.36
128283  128472  10.50   51.36
128293  128145  0.00    21.19
128318  127505  9.36    110.41
128357  128532  0.00    24.68
128372  127745  10.09   89.15
128473  128760  10.00   37.00
128508  128293  4.25    28.63
128532  128619  0.00    13.03
128536  127774  7.73    97.24
128616  127998  9.04    109.81
128619  128679  0.00    35.74
128679  128508  1.00    32.20
128760  128893  6.90    93.65
128760  129409  9.67    76.96
128788  127985  11.04   102.84
128789  128756  0.00    7.83
128807  127774  11.64   141.17
128893  128953  9.42    45.98
128893  128239  9.07    96.41
128953  128961  0.00    19.42
128953  129034  3.00    20.89
128961  128372  6.29    89.25
128961  129051  10.22   63.24
128995  128807  6.50    32.75
129034  129426  1.67    90.67
129040  128995  0.00    8.08
129051  129234  10.06   112.09
129174  129295  3.00    15.33
129182  129174  0.00    7.69
129206  129182  0.00    3.83
129234  129299  7.83    45.03
129234  129795  6.40    62.87
129246  128318  8.72    118.69
129250  129207  0.00    6.43
129295  129350  0.00    7.34
129299  130028  8.50    88.62
129299  129305  0.00    4.50
129326  128536  7.75    97.26
129345  129206  0.00    15.33
129350  130269  6.88    149.18
129350  129345  0.00    11.88
129409  129763  20.00   43.36
129420  129333  1.00    29.63
129420  129250  0.00    22.58
129426  129769  10.67   90.56
129433  129638  8.17    82.85
129466  129326  3.00    15.56
129510  129542  0.00    7.31
129542  129420  0.00    39.90
129638  130275  12.74   111.00
129638  129793  8.42    91.79
129638  128788  15.25   102.79
129649  129695  0.00    6.61
129652  129522  0.00    43.71
129695  129893  0.00    79.36
129763  130232  4.67    54.05
129763  129652  4.67    30.16
129769  129795  20.00   6.65
129769  129974  9.17    143.36
129779  129203  8.18    64.80
129793  129969  9.88    91.79
129795  130506  6.42    105.45
129819  129137  1.00    74.31
129819  129975  0.00    15.49
129838  129246  9.38    93.22
129838  129779  9.85    132.37
129917  129763  7.38    37.36
129948  129838  1.00    22.22
129969  129917  4.25    7.85
129974  131110  9.94    154.31
129975  130992  10.32   142.35
130027  130129  8.13    73.13
130027  129652  0.00    38.73
130028  130616  6.50    88.72
130232  130027  6.80    27.40
130232  130948  9.52    97.38
130269  130280  0.00    7.99
130275  130279  10.04   107.53
130279  129948  9.00    83.20
130280  130283  3.00    13.11
130283  130304  7.64    77.41
130283  129466  2.89    94.18
130304  129779  10.40   61.71
130304  130347  6.17    130.56
130347  129948  3.00    52.10
130347  130467  6.75    42.82
130467  131085  14.33   87.03
130467  130279  7.43    79.20
130616  130692  0.00    8.14
130661  131549  8.80    149.99
130703  130738  3.00    32.80
130738  130283  4.25    60.81
130742  129969  10.43   128.88
130850  130889  6.57    49.25
130850  130738  0.00    14.46
130889  131031  11.20   124.14
130948  131325  15.00   55.38
130948  131110  12.37   143.96
130992  131847  6.50    141.06
131010  130933  0.00    17.08
131031  131085  3.00    42.26
131044  130742  9.63    127.54
131085  131103  0.00    15.05
131103  131031  6.50    79.18
131103  131281  0.00    122.30
131110  131218  9.69    71.89
131117  130928  7.67    77.00
131130  130293  10.00   146.43
131218  131549  10.57   116.14
131218  130612  6.20    96.89
131281  131044  4.00    126.47
131281  131687  8.38    108.39
131293  131173  0.00    43.02
131325  131582  8.78    46.40
131361  131138  11.67   78.25
131416  131325  10.00   104.84
131474  131626  0.00    22.64
131509  130850  8.00    107.02
131549  131361  9.33    77.69
131563  131117  11.50   146.98
131571  131509  9.21    102.85
131571  130889  10.14   137.08
131582  131989  8.60    96.33
131603  131218  2.14    79.73
131652  131281  10.42   134.85
131652  131571  12.38   82.43
131671  130742  7.88    146.27
131672  131293  3.00    123.39
131672  131117  8.50    88.07
131687  131671  10.00   105.37
131739  131652  9.20    93.94
131847  132704  9.65    141.45
131862  131452  14.33   76.81
131903  131626  10.00   45.01
131910  131571  9.00    75.66
131929  131130  0.00    145.58
131940  131672  0.00    76.35
131989  131603  8.21    79.58
132026  132101  0.00    78.57
132064  131582  5.54    101.49
132064  131536  9.07    83.17
132101  132182  0.00    78.57
132115  132457  11.00   60.85
132177  132590  1.00    62.57
132197  131671  7.94    84.09
132238  131739  9.71    98.94
132238  132242  8.63    113.22
132242  131910  13.33   75.81
132242  132247  10.16   32.42
132247  132251  10.00   92.34
132251  131509  9.15    144.45
132251  132257  8.82    93.30
132257  131862  5.50    76.86
132257  132260  8.40    120.00
132285  131672  0.00    105.92
132318  132205  7.29    20.34
132369  131989  6.05    83.62
132371  132275  0.00    41.02
132371  133246  11.50   137.14
132410  131903  3.00    81.30
132457  132827  9.80    58.23
132457  132559  6.50    97.00
132521  132275  0.00    86.92
132559  132590  10.00   28.43
132583  132687  15.00   63.13
132583  132251  4.36    62.08
132590  132676  11.88   79.81
132653  132318  6.50    60.05
132687  132771  9.23    10.29
132687  132247  10.10   64.24
132704  133314  19.50   136.80
132716  131929  10.00   122.63
132764  132767  7.03    97.72
132764  133289  8.79    103.59
132764  132238  9.44    76.29
132766  132774  5.42    64.60
132766  132197  9.03    84.12
132766  133231  9.54    105.90
132767  132766  6.60    97.72
132770  132764  3.44    80.63
132771  133002  1.50    54.57
132771  132770  6.08    80.63
132781  132583  5.71    29.11
132788  132781  8.00    116.86
132788  132257  8.63    76.02
132812  132064  8.57    112.48
132812  132369  4.39    83.53
132817  132521  7.75    86.84
132822  132812  5.33    1.99
132827  133245  10.00   74.02
132859  133246  0.00    85.93
132861  132822  2.83    9.21
132914  132788  11.41   70.19
132914  133278  8.60    77.06
133002  132781  7.67    52.85
133002  133298  2.00    42.83
133042  133573  10.30   97.16
133213  133656  9.91    89.84
133213  132716  14.00   117.28
133231  133291  8.67    102.25
133242  133398  6.08    60.74
133245  133185  10.00   67.24
133246  133941  0.00    106.28
133278  133307  2.07    24.54
133289  133298  9.15    128.33
133289  133691  7.93    77.25
133291  133289  10.00   102.02
133296  132861  4.75    123.85
133298  133285  6.00    67.46
133298  133691  0.00    93.18
133307  133636  2.67    98.13
133307  133938  6.00    127.71
133314  132914  4.43    82.92
133340  133245  8.67    90.35
133340  132827  9.80    110.06
133361  133278  5.64    103.92
133382  133314  0.00    13.76
133382  133361  5.80    16.70
133398  133573  7.77    61.25
133398  132653  6.92    137.86
133405  133296  4.80    29.48
133417  133340  20.00   56.20
133417  132559  6.88    124.02
133502  132994  2.33    101.58
133502  133382  2.61    102.52
133573  133667  9.82    121.81
133633  133213  1.00    99.16
133636  134044  6.94    98.83
133656  133502  5.60    118.89
133678  133405  5.45    111.46
133691  134044  3.56    69.17
133760  133656  2.34    60.69
133792  133382  4.25    82.82
133792  133502  10.33   57.75
133878  133398  13.27   85.26
133883  133689  0.00    27.15
133903  133417  5.50    69.64
133908  133678  5.81    100.08
133938  134488  8.91    113.45
133954  133760  2.60    46.86
133969  133908  5.93    32.09
134009  133379  0.00    91.77
134009  134031  0.00    22.58
134031  134033  0.00    20.13
134031  134450  10.00   62.76
134033  133447  0.00    85.65
134033  134182  7.25    93.27
134036  134009  3.00    35.40
134036  133405  6.33    93.33
134044  133969  5.31    104.65
134088  134175  9.06    77.14
134175  134321  9.80    77.25
134182  134774  0.00    89.76
134182  134339  0.00    43.99
134198  133679  5.47    77.93
134223  134190  0.00    11.08
134244  133792  5.14    95.13
134244  133656  6.50    125.53
134250  134090  7.25    50.91
134250  133678  3.00    97.91
134257  134624  11.20   76.34
134257  133954  1.00    53.21
134274  133633  10.50   102.81
134292  134250  10.00   8.63
134317  134088  10.00   99.21
134321  134223  9.92    49.56
134321  133878  6.40    85.26
134328  133792  9.60    113.77
134346  133954  6.90    81.74
134354  134036  6.50    49.52
134354  134899  7.00    109.72
134386  134740  0.00    58.33
134408  134730  11.86   76.16
134408  133938  11.50   92.77
134422  133903  3.00    75.96
134450  134354  20.00   26.44
134488  134991  17.67   113.45
134529  134244  8.14    55.75
134541  134257  10.00   43.21
134597  134088  8.67    118.15
134617  134274  0.00    98.94
134624  134968  5.33    76.36
134669  134317  10.65   122.04
134704  134529  8.50    41.04
134704  134346  9.11    81.74
134715  134450  14.33   85.43
134717  134198  8.17    77.93
134730  135179  3.00    96.90
134730  135430  5.00    149.02
134740  134715  6.50    20.39
134769  134244  9.50    114.23
134774  134740  0.00    16.50
134806  134717  6.00    103.01
134808  134991  20.00   38.32
134832  134317  8.00    99.27
134852  134408  7.00    96.47
134852  134328  5.25    113.77
134855  134321  9.80    104.10
134899  135443  8.25    111.39
134904  134806  9.00    103.01
134904  134422  8.67    75.96
134938  134717  8.33    33.05
134938  134774  6.50    94.24
134942  134904  0.00    34.45
134968  134704  9.20    55.43
134991  135514  9.00    113.23
134991  135430  15.00   93.67
135118  134541  7.78    131.64
135132  135174  1.00    61.70
135132  134597  9.86    119.39
135140  135118  0.00    5.99
135140  134968  0.00    39.53
135147  135342  6.50    45.92
135163  134541  3.42    117.80
135174  134669  8.86    123.66
135174  135215  7.25    91.97
135179  134852  12.60   76.03
135215  135325  8.33    107.12
135215  134832  5.75    97.07
135227  134704  6.71    113.70
135301  134769  4.00    114.23
135301  134852  8.00    95.51
135302  134938  4.50    56.11
135325  135388  7.73    76.02
135325  135012  5.73    89.10
135342  134855  6.25    103.52
135342  135907  7.75    89.96
135371  134715  7.25    130.66
135430  135939  5.83    112.98
135430  135890  0.00    96.28
135464  135302  1.67    24.45
135514  136041  7.50    113.23
135565  135325  6.43    67.82
135624  135140  9.20    97.17
135624  135650  7.11    117.23
135654  135899  0.00    50.44
135699  135140  6.40    113.36
135772  135227  6.29    113.70
135772  135301  8.67    95.92
135814  136041  4.75    51.04
135833  135301  7.83    112.22
135890  136383  5.80    95.67
135890  135179  5.18    149.76
135891  135963  8.63    79.80
135891  135464  4.94    64.71
135900  135464  5.33    145.65
135907  136203  8.67    64.40
135916  135371  13.25   110.11
135933  135132  10.00   131.00
135933  136015  3.00    25.98
135939  136529  5.67    113.23
135963  136059  18.00   79.80
135970  135215  7.94    127.44
135987  135650  5.33    75.76
135987  135624  3.00    78.45
136015  136099  0.00    38.26
136015  136481  20.00   76.81
136041  136529  7.67    93.96
136041  136648  8.33    121.94
136044  135565  7.36    112.87
136044  135970  11.50   17.74
136099  135174  6.00    138.66
136108  136462  11.20   89.32
136108  135565  7.25    86.33
136166  135891  5.31    38.47
136172  135624  10.00   113.10
136203  136420  7.00    41.95
136231  136420  4.25    54.50
136242  135933  10.75   76.44
136257  135699  10.20   113.36
136257  135772  5.36    96.08
136308  136602  10.00   64.53
136308  135987  7.67    55.90
136320  135772  6.67    112.54
136341  135970  10.00   49.83
136341  136044  10.56   46.82
136383  136824  7.67    96.40
136383  135833  5.57    112.22
136420  136703  7.00    73.22
136459  135890  9.83    112.96
136462  136766  8.57    89.22
136481  136944  2.33    78.11
136492  135900  13.33   109.93
136493  136376  6.28    25.94
136494  135987  11.00   87.09
136529  136972  5.33    95.01
136529  137009  7.89    106.44
136533  136493  10.00   6.16
136602  136747  0.00    31.78
136648  137205  3.75    121.63
136689  136341  8.10    55.29
136703  136242  13.25   79.68
136714  136172  7.36    113.10
136714  136257  8.67    97.63
136747  136494  11.00   41.25
136752  136099  7.86    103.87
136765  136257  10.75   112.66
136766  136689  20.00   16.94
136824  137297  7.00    94.63
136824  136320  11.00   112.54
136849  136602  0.00    56.93
136891  136383  4.67    112.82
136956  136703  9.00    39.91
136956  137398  7.67    112.30
136972  137437  11.00   96.15
136972  136459  6.70    112.96
137009  137511  8.80    106.44
137027  137338  0.00    72.11
137031  136766  10.56   51.58
137054  136533  0.00    79.46
137054  137406  7.00    87.48
137151  137056  0.00    20.32
137151  136747  3.00    63.53
137163  136714  8.67    94.17
137163  136494  6.00    144.92
137190  137432  7.40    55.80
137249  136714  11.00   112.90
137297  137801  8.45    97.04
137297  136765  10.90   112.66
137329  136972  4.75    75.68
137373  136824  9.17    112.69
137398  136752  7.43    104.13
137398  137620  2.00    60.41
137432  137684  2.33    56.54
137432  136956  20.00   75.35
137437  136891  11.50   112.82
137437  137946  6.50    95.05
137461  137684  0.00    50.87
137486  136689  2.71    119.19
137505  137837  11.00   82.50
137615  137486  11.50   49.32
137653  137151  11.20   101.30
137653  137163  7.14    96.04
137684  137917  3.00    57.00
137684  138515  25.80   131.17
137688  137590  7.67    20.74
137688  138674  10.00   137.38
137714  137329  9.50    75.27
137723  137163  6.50    113.08
137762  137054  8.67    101.35
137801  137249  6.00    112.59
137801  138328  7.67    94.98
137802  138531  8.07    126.13
137819  137486  3.00    45.33
137837  138105  6.43    67.63
137837  137190  9.20    107.44
137845  137329  9.33    95.82
137845  137437  4.25    76.73
137846  137653  8.67    36.54
137872  137297  10.00   112.57
137917  138312  12.29   91.29
137917  137398  6.25    71.53
137930  137688  5.60    57.64
137946  138445  0.00    94.25
137946  137373  2.50    112.69
138105  137432  6.50    98.90
138120  137714  7.80    75.27
138172  138591  9.20    85.31
138172  137846  7.67    57.07
138328  138791  12.60   96.87
138328  137723  7.80    113.08
138335  137846  6.11    91.12
138396  137801  11.00   112.43
138445  138914  1.00    97.99
138445  137872  0.00    112.57
138453  138172  8.17    59.50
138531  138971  9.00    67.88
138531  138550  8.00    26.33
138534  137946  2.33    113.40
138550  138578  10.00   38.58
138550  139389  0.00    122.96
138570  137917  8.67    117.11
138591  138996  20.00   85.31
138599  138120  8.00    95.13
138599  137845  9.57    149.30
138631  138678  0.00    9.71
138652  138312  8.60    92.93
138678  138802  0.00    37.12
138678  138105  5.13    87.54
138707  139430  5.78    107.93
138732  139059  8.33    78.16
138760  138335  6.28    91.09
138760  138996  4.67    59.78
138791  138760  0.00    6.85
138825  139430  8.86    148.33
138835  138453  5.00    82.44
138841  138328  8.13    112.29
138852  138599  5.17    55.23
138914  138396  2.00    112.43
138914  139397  10.00   95.76
138971  139389  0.00    69.77
138996  139230  1.40    57.26
139003  138445  3.00    113.94
139046  139649  7.20    145.74
139059  139419  0.00    78.16
139064  138534  12.06   113.40
139064  138852  1.67    42.19
139083  138791  5.71    62.81
139145  138975  9.83    123.97
139145  138652  9.00    96.07
139191  139437  10.00   46.18
139196  138570  8.57    117.39
139196  138971  7.86    75.33
139230  139419  3.00    45.87
139230  138835  10.60   82.44
139291  139145  7.80    21.39
139292  138852  10.20   91.38
139299  139196  9.00    38.72
139299  139291  3.00    67.13
139344  139064  2.25    55.16
139356  139336  5.33    5.06
139389  139417  0.00    4.35
139397  138841  9.20    112.29
139397  139901  11.50   96.69
139417  139299  8.36    141.99
139419  139649  7.80    45.06
139430  139417  9.00    52.69
139437  139802  0.00    73.09
139437  139083  3.00    67.01
139485  138914  6.17    113.74
139496  139083  6.00    80.75
139531  139064  5.43    90.36
139543  140001  0.00    89.73
139572  139344  2.50    40.86
139572  139003  20.00   113.65
139649  139918  0.00    46.66
139692  139437  8.67    47.33
139692  139230  10.00   90.22
139772  139292  0.00    91.39
139817  139344  1.00    90.92
139857  139572  6.50    55.38
139889  139692  0.00    35.78
139901  139496  8.67    80.75
139918  140146  11.25   52.60
139983  139397  8.67    114.25
139989  139531  10.00   90.35
140001  140230  0.00    40.76
140001  139889  5.80    26.23
140038  140045  4.18    75.99
140044  139572  3.00    93.62
140045  140051  6.67    75.99
140051  140523  11.20   67.59
140051  140061  8.00    82.60
140058  139889  20.00   36.01
140061  140074  6.33    82.60
140065  139485  6.25    113.75
140065  139857  9.33    40.57
140074  139457  4.44    87.12
140096  139972  0.00    16.85
140146  139942  8.67    36.07
140189  139648  0.00    87.49
140189  140001  5.33    47.38
140289  139817  6.50    90.88
140304  139901  7.28    77.15
140309  140074  2.43    32.74
140355  139857  8.67    97.67
140362  140065  1.00    55.88
140502  140044  2.00    93.62
140533  140096  7.57    62.08
140543  139983  10.00   114.25
140553  140065  10.00   100.71
140777  140146  8.47    130.73
140821  140309  5.93    83.78
140825  140189  10.25   139.67
1 2 138396 138914 136824 137373 
2 1 135507 135383
3 2 131582 132064 133296 133379
