645 1528 1 5 4 1 1233.73 454.53
148080  78
148151  78
148269  78
148535  78
148628  78
148833  78
149009  78
149048  78
149104  78
149112  78
149266  78
150392  78
150494  78
150520  78
150835  78
151603  78
151879  78
152176  78
152393  78
152569  78
153184  78
153425  78
153561  78
154143  78
154688  78
154973  78
155255  78
156386  78
156418  78
156538  78
156654  78
156877  78
157062  78
157346  78
147296  78
147544  78
147740  78
147741  78
147800  78
147829  78
147852  78
147854  78
147977  78
148146  78
148179  78
148301  78
148312  78
148380  78
148382  78
148398  78
148461  78
148515  78
148517  78
148536  78
148546  78
148553  78
148569  78
148588  78
148629  78
148678  78
148679  78
148784  78
148787  78
148843  78
148854  78
148873  78
148885  78
148890  78
148901  78
148910  78
148913  78
148924  78
148931  78
148951  78
148952  78
148974  78
149015  78
149025  78
149038  78
149053  78
149060  78
149080  78
149171  78
149192  78
149268  78
149297  78
149316  78
149326  78
149329  78
149412  78
149432  78
149433  78
149458  78
149488  78
149495  78
149496  78
149530  78
149552  78
149562  78
149596  78
149610  78
149646  78
149677  78
149678  78
149684  78
149694  78
149698  78
149720  78
149743  78
149766  78
149770  78
149775  78
149777  78
149783  78
149801  78
149804  78
149840  78
149845  78
149902  78
149903  78
149914  78
149951  78
149958  78
149999  78
150014  78
150022  78
150047  78
150050  78
150063  78
150098  78
150164  78
150173  78
150195  78
150205  78
150212  78
150269  78
150287  78
150301  78
150306  78
150352  78
150362  78
150371  78
150373  78
150375  78
150394  78
150401  78
150403  78
150409  78
150441  78
150450  78
150461  78
150529  78
150547  78
150564  78
150605  78
150614  78
150619  78
150679  78
150697  78
150715  78
150737  78
150762  78
150789  78
150807  78
150837  78
150862  78
150864  78
150873  78
150885  78
150891  78
150897  78
150916  78
150920  78
150921  78
150938  78
150942  78
150955  78
150976  78
151020  78
151053  78
151062  78
151075  78
151080  78
151103  78
151138  78
151185  78
151186  78
151193  78
151194  78
151208  78
151227  78
151272  78
151291  78
151303  78
151315  78
151317  78
151319  78
151324  78
151336  78
151345  78
151389  78
151413  78
151429  78
151432  78
151447  78
151472  78
151474  78
151476  78
151527  78
151536  78
151552  78
151556  78
151596  78
151606  78
151624  78
151635  78
151636  78
151638  78
151669  78
151671  78
151704  78
151707  78
151718  78
151721  78
151725  78
151735  78
151745  78
151782  78
151808  78
151833  78
151869  78
151881  78
151908  78
151911  78
151916  78
151919  78
151922  78
151952  78
151966  78
151977  78
151981  78
152006  78
152020  78
152022  78
152036  78
152044  78
152055  78
152065  78
152075  78
152079  78
152086  78
152092  78
152096  78
152108  78
152154  78
152175  78
152182  78
152197  78
152198  78
152249  78
152251  78
152266  78
152330  78
152335  78
152341  78
152344  78
152379  78
152385  78
152406  78
152415  78
152433  78
152455  78
152461  78
152470  78
152475  78
152483  78
152507  78
152532  78
152536  78
152539  78
152556  78
152578  78
152580  78
152585  78
152586  78
152638  78
152644  78
152649  78
152707  78
152711  78
152743  78
152744  78
152761  78
152763  78
152777  78
152796  78
152814  78
152823  78
152855  78
152859  78
152860  78
152861  78
152882  78
152884  78
152891  78
152904  78
152907  78
152914  78
152936  78
152941  78
152951  78
152979  78
153008  78
153088  78
153100  78
153121  78
153125  78
153148  78
153154  78
153161  78
153177  78
153180  78
153193  78
153212  78
153225  78
153239  78
153248  78
153249  78
153263  78
153272  78
153273  78
153291  78
153292  78
153300  78
153326  78
153337  78
153338  78
153353  78
153367  78
153371  78
153384  78
153387  78
153395  78
153398  78
153452  78
153459  78
153490  78
153504  78
153514  78
153531  78
153535  78
153587  78
153589  78
153601  78
153605  78
153635  78
153637  78
153640  78
153662  78
153671  78
153677  78
153720  78
153736  78
153746  78
153750  78
153791  78
153827  78
153830  78
153831  78
153839  78
153845  78
153851  78
153868  78
153914  78
153947  78
153949  78
153956  78
153957  78
153958  78
153959  78
153963  78
153968  78
153980  78
153993  78
153999  78
154003  78
154009  78
154010  78
154031  78
154045  78
154074  78
154091  78
154098  78
154099  78
154102  78
154129  78
154136  78
154153  78
154173  78
154188  78
154196  78
154218  78
154229  78
154235  78
154244  78
154251  78
154258  78
154284  78
154297  78
154298  78
154306  78
154317  78
154320  78
154325  78
154329  78
154347  78
154356  78
154370  78
154376  78
154386  78
154406  78
154414  78
154420  78
154440  78
154445  78
154449  78
154470  78
154475  78
154497  78
154499  78
154501  78
154503  78
154509  78
154510  78
154518  78
154519  78
154526  78
154530  78
154541  78
154581  78
154592  78
154595  78
154599  78
154608  78
154620  78
154641  78
154660  78
154662  78
154671  78
154678  78
154692  78
154696  78
154700  78
154709  78
154711  78
154715  78
154721  78
154723  78
154745  78
154759  78
154816  78
154818  78
154822  78
154825  78
154829  78
154836  78
154843  78
154855  78
154861  78
154863  78
154865  78
154897  78
154908  78
154919  78
154924  78
154928  78
154933  78
154936  78
154953  78
154959  78
154963  78
154976  78
154993  78
154994  78
155011  78
155024  78
155038  78
155053  78
155065  78
155066  78
155070  78
155077  78
155080  78
155085  78
155090  78
155108  78
155114  78
155115  78
155116  78
155130  78
155134  78
155136  78
155137  78
155160  78
155186  78
155191  78
155201  78
155222  78
155224  78
155230  78
155262  78
155272  78
155292  78
155299  78
155302  78
155309  78
155320  78
155328  78
155329  78
155340  78
155360  78
155364  78
155365  78
155366  78
155378  78
155379  78
155399  78
155410  78
155427  78
155428  78
155432  78
155435  78
155456  78
155461  78
155470  78
155475  78
155476  78
155496  78
155510  78
155524  78
155526  78
155543  78
155557  78
155562  78
155563  78
155593  78
155596  78
155604  78
155605  78
155606  78
155611  78
155615  78
155627  78
155641  78
155643  78
155644  78
155648  78
155652  78
155671  78
155696  78
155737  78
155744  78
155770  78
155777  78
155791  78
155797  78
155799  78
155822  78
155825  78
155826  78
155832  78
155833  78
155860  78
155863  78
155883  78
155888  78
155907  78
155914  78
155927  78
155940  78
155958  78
155973  78
156012  78
156018  78
156074  78
156084  78
156098  78
156104  78
156108  78
156110  78
156125  78
156153  78
156165  78
156177  78
156219  78
156225  78
156228  78
156268  78
156284  78
156302  78
156312  78
156314  78
156348  78
156363  78
156364  78
156408  78
156425  78
156430  78
156431  78
156444  78
156450  78
156474  78
156480  78
156490  78
156495  78
156496  78
156527  78
156564  78
156572  78
156578  78
156583  78
156592  78
156624  78
156626  78
156629  78
156635  78
156652  78
156710  78
156711  78
156727  78
156743  78
156781  78
156794  78
156809  78
156838  78
156916  78
156978  78
156981  78
156985  78
156988  78
156992  78
157084  78
157161  78
157181  78
157356  78
147800  147296  8.00    122.88
147829  147800  12.80   96.91
147829  147544  9.80    56.91
148080  148380  9.00    74.58
148151  148885  9.83    141.49
148179  147829  11.00   129.89
148179  147852  11.50   65.78
148269  148517  8.21    59.32
148301  147854  6.11    119.91
148301  147741  10.60   113.87
148301  148382  0.00    21.50
148312  147854  8.59    82.99
148312  148679  9.40    64.48
148380  148461  0.00    18.08
148380  148179  3.00    49.88
148398  148146  8.80    114.29
148461  148536  10.29   80.43
148515  147740  8.95    133.01
148517  148546  4.25    14.53
148535  149192  11.50   115.11
148536  148588  5.57    80.25
148546  148569  0.00    7.13
148546  148843  6.95    121.10
148553  148312  8.38    52.27
148553  148301  8.08    53.10
148569  148952  8.86    105.89
148569  148517  0.00    13.02
148588  148910  9.11    66.35
148588  148398  11.20   37.84
148628  148398  6.50    101.85
148629  148553  5.91    15.22
148629  148679  8.67    31.58
148678  147977  8.22    132.08
148679  149080  3.00    65.44
148784  148951  3.00    41.72
148784  148569  4.67    63.08
148833  149326  8.60    79.66
148843  148854  5.50    17.45
148854  148890  5.19    65.25
148854  148913  0.00    7.05
148873  148784  4.89    45.87
148885  149646  14.00   142.40
148890  148924  14.33   41.73
148890  148910  5.90    67.80
148901  148873  0.00    17.37
148901  148843  0.00    6.58
148910  148931  6.48    29.55
148913  148901  11.50   16.87
148913  149015  3.00    22.60
148924  149015  3.00    41.47
148924  148913  0.00    25.16
148931  148974  10.20   35.12
148951  149268  9.00    64.05
148951  149329  8.78    107.43
148952  149326  10.50   105.89
148974  148629  8.22    59.58
149009  149025  0.00    7.82
149015  149060  0.00    13.39
149025  148787  8.80    41.33
149038  148873  6.50    29.34
149038  148901  1.00    23.74
149048  149433  15.00   98.62
149053  149432  9.76    68.98
149053  148974  4.92    14.65
149060  149038  0.00    5.21
149060  149268  9.67    61.12
149080  148974  10.00   52.13
149080  149316  9.83    102.39
149104  149488  6.78    99.46
149112  149412  11.50   58.67
149171  149053  0.00    22.21
149171  148931  11.30   49.51
149192  149801  10.30   115.33
149266  149552  11.20   78.30
149268  149684  7.00    134.36
149297  149171  11.33   21.29
149316  148515  6.55    133.22
149316  149458  8.36    83.67
149326  149903  11.95   135.78
149326  149495  2.60    83.59
149329  149777  9.80    109.50
149412  149530  4.67    30.73
149412  149495  20.00   17.99
149432  149297  6.75    41.18
149432  149766  6.50    59.77
149433  149025  5.50    71.37
149458  148678  11.50   133.62
149458  149646  8.05    87.41
149488  149698  3.00    54.45
149488  150050  7.82    135.22
149495  149530  6.50    35.01
149496  149080  3.00    72.72
149496  149432  0.00    32.80
149530  149770  8.29    107.61
149552  149951  6.14    80.26
149562  149297  9.83    53.27
149596  149562  0.00    7.75
149596  150287  10.43   132.18
149610  149562  20.00   33.47
149610  149694  7.57    91.90
149646  149801  10.88   74.64
149677  149316  13.18   69.83
149677  149496  8.86    87.88
149678  149610  0.00    21.27
149678  149596  3.00    18.15
149684  149845  3.00    47.66
149684  149743  11.17   48.55
149694  149783  6.58    91.91
149698  150050  9.20    111.46
149720  149775  5.50    30.97
149720  149677  10.00   22.55
149743  149777  0.00    36.62
149766  149840  11.00   13.78
149775  149677  9.30    19.98
149777  149903  9.86    114.09
149783  150362  7.67    105.37
149783  149804  6.50    26.28
149801  150014  7.08    101.60
149804  149914  10.00   46.32
149840  150564  7.61    144.41
149845  150047  3.00    77.67
149845  149743  20.00   22.05
149902  149720  13.90   85.67
149902  150450  5.71    114.02
149903  150063  8.57    82.51
149914  150409  7.67    101.82
149914  150173  12.20   126.66
149951  150022  10.00   15.67
149958  149951  0.00    5.90
149958  149433  9.20    98.46
149999  149775  10.08   40.89
149999  149766  10.57   106.49
150014  149958  14.33   11.02
150022  150014  4.17    17.68
150022  150301  9.47    71.35
150047  150212  18.88   77.57
150063  150205  10.83   82.57
150098  149902  5.80    92.46
150164  149678  12.50   144.11
150173  150403  5.75    125.87
150195  150715  9.43    105.12
150205  150441  3.00    75.84
150212  150375  4.00    84.41
150269  150697  9.38    88.88
150269  150098  11.13   92.46
150287  150921  9.52    132.02
150301  150373  1.00    13.55
150352  150205  12.29   92.96
150362  150897  10.45   105.38
150371  150737  9.11    100.14
150373  150619  5.40    67.00
150373  150547  8.67    38.44
150375  150394  3.00    83.66
150392  150306  0.00    116.77
150394  150441  1.00    71.09
150401  150269  6.67    71.66
150401  150955  8.71    117.30
150403  150942  11.00   134.77
150403  150212  10.50   40.56
150409  150938  0.00    102.39
150441  150762  16.80   87.78
150450  150697  11.00   107.94
150461  149840  8.17    135.79
150461  149999  6.17    103.77
150494  150619  11.13   96.26
150520  150352  11.50   93.59
150529  150921  9.80    88.37
150547  150401  10.30   71.26
150547  150891  8.40    69.30
150564  151272  10.44   143.91
150605  150195  11.20   103.17
150605  150461  6.00    71.82
150614  150394  11.50   43.63
150614  151194  3.00    139.50
150619  150864  10.00   85.54
150679  151053  3.00    73.18
150697  150920  11.17   100.96
150715  151186  9.00    98.70
150737  150679  10.57   97.54
150762  151062  14.25   87.79
150789  150614  11.50   101.94
150789  150837  0.00    15.11
150807  150371  11.50   84.92
150835  151336  12.47   123.39
150835  151062  0.00    57.28
150837  150873  3.00    25.52
150862  150164  7.47    149.08
150862  150529  3.00    87.19
150864  150976  9.80    84.25
150873  150789  3.00    21.99
150885  150403  11.00   90.12
150891  151193  8.74    67.51
150897  150938  9.83    103.30
150916  150837  5.33    82.45
150920  150715  7.00    99.44
150921  151303  9.67    79.89
150938  150371  11.20   131.85
150942  151638  11.00   138.86
150955  151315  13.50   113.40
151053  150885  7.00    47.48
151062  151596  6.00    122.49
151075  150605  11.67   97.72
151080  150461  8.92    128.29
151103  150891  7.86    105.64
151138  150679  7.25    131.22
151185  151476  17.50   104.50
151186  151527  7.77    70.35
151193  151208  0.00    3.94
151194  150916  5.50    84.83
151194  151638  0.00    92.53
151208  151447  10.54   72.38
151227  151138  9.00    27.79
151227  150807  20.00   84.92
151272  151833  8.34    125.25
151291  150862  9.93    91.96
151303  151707  9.40    109.91
151303  151389  11.76   78.26
151315  151186  9.83    111.11
151317  151103  7.63    105.60
151319  151185  10.90   103.65
151319  151345  6.00    59.74
151324  150715  8.05    135.11
151336  151966  12.60   126.62
151345  151704  7.25    88.60
151389  151624  10.45   78.88
151389  151291  0.00    28.44
151413  151193  9.00    102.96
151429  151476  0.00    17.41
151429  150873  13.25   147.86
151432  151291  10.55   44.07
151447  152044  8.13    126.98
151447  151725  5.72    88.93
151472  151227  8.56    67.53
151472  151474  0.00    21.72
151474  151624  13.25   43.90
151474  151432  11.50   35.31
151476  151606  8.00    33.82
151527  151808  10.95   70.83
151527  151669  9.13    65.70
151536  151075  11.20   97.60
151536  152036  14.33   134.69
151552  151053  8.57    123.82
151552  151138  11.50   86.35
151556  151552  16.55   136.28
151556  150885  10.20   130.49
151596  152092  11.50   100.38
151603  152197  8.91    136.34
151606  151429  0.00    35.09
151624  151721  8.86    20.62
151635  151208  9.50    88.28
151635  151916  6.33    136.38
151636  151317  5.14    71.19
151636  151413  8.89    102.95
151638  151556  8.50    86.24
151669  151725  7.00    97.27
151671  151080  9.82    128.29
151671  151272  11.91   89.84
151704  151908  11.50   44.73
151707  152266  17.17   119.81
151718  151020  10.41   148.33
151721  152266  8.96    126.69
151721  151911  9.33    66.38
151725  152154  8.92    94.10
151735  151472  6.75    89.29
151745  151476  8.67    91.87
151745  151704  0.00    20.60
151782  151881  9.80    85.15
151808  151324  9.38    132.73
151833  152385  6.75    114.23
151833  151707  5.20    90.45
151869  151319  7.00    121.08
151869  151952  0.00    29.14
151879  152197  9.31    115.87
151881  151981  0.00    30.36
151881  151735  0.00    42.11
151908  152175  20.00   49.94
151908  151745  9.00    41.57
151911  152020  0.00    20.93
151911  151922  1.00    19.57
151916  151636  8.33    74.18
151919  151671  14.69   75.82
151919  151536  10.25   90.12
151922  151735  0.00    56.85
151922  151981  6.75    34.59
151952  152006  11.70   70.98
151952  152022  3.00    22.52
151966  152580  9.00    126.33
151977  151345  7.80    129.58
151981  152198  11.88   97.81
152006  151782  8.35    85.64
152006  151556  15.75   95.74
152020  152341  11.36   133.76
152020  152483  10.07   105.56
152022  151869  0.00    25.55
152036  152344  7.57    117.72
152036  152406  10.25   82.14
152044  152644  9.43    127.67
152055  151635  4.36    88.83
152075  151977  0.00    20.22
152079  152065  1.00    14.98
152086  151919  3.00    48.57
152092  152532  10.25   99.14
152096  151977  11.50   25.23
152096  152075  0.00    16.07
152108  151606  20.00   101.47
152154  152415  16.67   52.77
152154  151669  14.24   111.45
152175  152065  9.00    58.16
152176  152086  0.00    29.95
152182  152461  3.00    104.35
152197  152249  0.00    17.37
152198  152475  9.39    98.77
152249  152330  0.00    33.21
152251  151881  8.67    121.81
152266  152777  10.45   104.64
152330  152182  11.50   102.82
152335  151919  7.80    85.55
152341  152507  8.29    130.88
152344  151808  11.38   137.26
152379  152079  8.50    60.78
152385  152882  7.89    113.63
152393  152249  10.50   63.37
152415  152914  6.27    105.36
152415  152743  6.67    107.25
152433  151718  12.08   149.11
152455  152096  6.50    73.89
152455  152578  2.00    79.30
152461  152055  5.33    88.94
152470  152075  9.86    86.74
152475  152907  10.82   125.04
152475  152507  0.00    6.80
152483  152891  12.38   84.30
152483  152539  10.08   55.88
152507  153125  8.80    145.08
152532  152586  3.00    37.06
152532  152859  0.00    68.43
152536  152855  1.00    82.47
152536  152461  8.11    105.61
152539  152585  11.20   51.61
152556  152344  7.83    101.49
152569  152330  9.71    106.19
152569  152936  0.00    105.06
152578  152379  8.13    65.48
152580  153180  9.20    126.89
152585  152711  0.00    37.42
152585  152707  10.00   107.24
152586  152108  7.67    101.09
152638  152379  0.00    54.73
152644  153161  9.50    125.93
152649  152022  10.69   133.63
152649  152251  8.22    122.77
152707  152904  8.00    80.47
152711  152814  0.00    28.19
152744  152761  0.00    116.44
152744  152086  9.00    138.69
152761  152335  6.75    86.35
152763  152536  14.00   91.57
152777  153249  5.83    104.62
152796  152707  8.86    61.78
152796  152711  0.00    27.37
152814  152861  8.67    13.38
152823  152578  7.40    82.81
152823  152455  13.25   72.79
152855  153161  8.80    82.47
152860  152796  11.50   16.72
152861  152860  3.00    19.89
152861  153326  11.00   113.86
152882  153367  6.40    111.12
152882  152979  11.50   35.71
152884  152470  11.90   86.86
152884  152649  3.00    71.03
152891  153273  11.50   84.30
152904  153125  0.00    81.69
152907  153292  10.25   125.01
152914  153490  5.14    137.86
152914  152743  4.17    109.58
152936  153291  0.00    104.87
152941  152638  11.20   144.12
152941  152586  9.83    76.47
152951  152814  0.00    59.36
152951  152539  8.67    87.73
152979  153263  6.95    134.67
152979  153587  9.82    130.81
153008  152556  5.90    106.74
153008  152744  0.00    72.61
153088  153300  7.75    76.81
153100  152743  8.05    131.64
153121  153177  6.50    99.51
153125  153148  11.50   5.62
153148  153337  10.00   55.94
153154  152433  7.11    149.73
153161  153490  11.50   90.73
153177  153148  10.00   32.28
153180  153868  7.70    154.38
153180  153225  3.00    35.28
153184  153459  13.25   75.27
153193  153248  3.00    17.44
153193  152823  7.27    83.53
153193  153088  9.00    73.78
153212  152763  7.40    129.03
153225  152859  0.00    83.98
153225  153239  4.67    27.57
153239  152941  8.11    71.30
153239  153300  7.29    76.76
153248  152884  10.31   118.11
153248  153292  0.00    11.59
153249  153746  6.56    104.62
153263  152761  5.27    109.20
153263  153514  3.60    100.58
153272  153587  0.00    101.91
153273  152951  15.40   84.94
153291  152763  8.33    117.98
153292  153395  8.33    24.79
153300  153662  7.52    137.47
153326  153959  10.73   146.17
153337  153452  7.40    36.40
153337  153535  10.00   80.58
153338  153193  13.25   29.26
153338  153248  0.00    24.00
153353  153100  6.11    130.58
153367  153851  10.47   111.48
153371  153177  8.00    106.85
153384  153121  2.33    102.78
153387  153326  0.00    12.99
153387  153827  1.00    143.69
153395  153338  0.00    11.84
153395  153958  9.82    143.90
153398  153008  13.25   108.34
153425  153504  0.00    21.75
153452  153949  9.00    143.71
153452  153791  16.00   94.86
153459  153750  6.00    136.54
153490  153640  9.38    34.05
153504  153637  0.00    34.68
153514  153677  4.67    106.92
153514  153671  0.00    38.96
153531  153212  11.50   90.76
153535  153601  20.00   22.45
153561  154074  10.50   119.14
153561  153398  9.20    105.96
153587  153968  3.00    88.71
153589  153212  9.00    83.24
153601  153993  14.33   119.22
153601  153371  10.00   108.66
153605  153272  0.00    102.19
153635  153662  8.86    111.94
153635  153338  67.67   82.54
153637  153605  0.00    16.94
153640  153839  8.19    42.93
153640  153353  6.00    131.99
153662  153980  13.33   109.45
153671  153720  0.00    14.80
153677  154074  8.30    111.89
153720  153504  0.00    70.20
153720  153830  0.00    29.86
153736  153291  9.00    96.35
153736  153459  24.33   104.98
153746  153273  1.00    109.40
153791  154136  7.25    96.91
153827  153384  13.67   106.09
153830  154045  0.00    62.59
153830  153637  0.00    61.97
153831  153387  11.50   107.01
153839  154003  4.67    46.32
153839  153531  6.50    90.76
153845  153154  10.75   149.69
153851  154098  9.00    70.14
153851  153746  11.18   53.94
153868  153980  10.55   143.98
153914  153535  6.50    92.79
153947  153589  10.00   83.24
153947  153956  0.00    13.14
153949  154497  6.50    147.97
153956  153963  0.00    8.27
153956  153736  11.50   83.29
153957  154510  18.70   144.78
153957  153947  6.50    27.37
153958  154449  10.55   144.31
153959  154153  5.50    59.66
153963  154519  4.75    145.64
153963  154010  8.67    45.97
153968  153605  0.00    130.42
153968  154091  25.20   32.81
153980  154284  8.00    105.90
153993  153827  1.00    54.07
153993  154196  6.25    69.04
153999  153845  10.52   140.35
154003  154320  5.91    79.44
154003  153957  11.50   47.92
154009  153635  14.33   107.45
154010  154526  12.60   132.25
154010  154102  8.67    62.75
154045  153671  0.00    127.37
154074  154099  4.00    9.75
154091  154258  8.48    64.84
154098  153959  11.29   117.08
154098  154298  20.00   59.79
154099  154129  21.50   95.58
154099  154188  12.00   76.76
154102  154229  4.63    77.27
154102  154317  0.00    55.21
154129  154440  4.67    82.23
154129  154003  15.67   76.28
154136  154499  15.00   95.70
154143  154091  13.36   90.84
154143  154098  7.21    41.35
154153  154251  11.00   35.11
154173  154045  0.00    59.80
154188  154218  15.00   20.53
154188  154347  0.00    39.32
154196  153831  10.56   106.96
154196  154235  0.00    15.67
154218  154031  3.00    54.17
154218  154376  11.50   80.33
154229  154541  6.67    81.95
154235  154325  0.00    29.03
154244  153914  14.33   92.71
154244  154136  15.00   77.64
154251  154235  0.00    42.42
154251  154325  20.00   28.38
154258  154356  3.00    32.37
154258  154518  20.00   78.49
154284  154386  10.14   57.98
154297  153999  8.65    120.11
154298  154509  10.50   57.84
154298  154153  20.00   119.91
154306  154099  1.86    54.48
154317  154445  11.50   35.82
154317  154370  0.00    45.59
154320  154660  7.67    92.74
154320  154440  11.50   68.18
154325  154470  3.00    62.44
154325  154509  8.80    143.76
154329  154306  0.00    40.50
154329  154414  0.00    25.27
154347  154329  6.50    33.61
154347  154836  11.50   148.44
154356  154173  0.00    78.53
154356  154715  5.85    127.03
154376  154678  22.80   83.99
154386  154009  11.50   108.10
154386  154449  13.67   27.94
154420  154091  3.00    97.28
154440  154855  2.00    114.29
154445  154475  0.00    40.51
154445  154721  0.00    72.06
154449  154501  0.00    12.15
154470  154592  0.00    43.19
154470  154244  12.54   81.56
154497  154501  6.50    63.85
154499  154497  11.00   48.00
154501  154822  5.83    86.95
154501  154503  13.22   21.58
154503  154297  11.63   87.08
154503  154386  10.00   31.70
154509  154581  13.67   55.36
154509  154711  11.50   62.59
154510  154671  10.00   45.74
154510  154519  10.00   45.58
154518  154420  6.50    44.69
154519  154526  10.00   39.66
154526  154700  3.00    48.97
154530  154499  11.00   33.05
154592  154530  13.25   58.42
154595  154218  6.67    98.95
154599  154306  3.00    81.28
154599  154406  3.00    49.75
154608  154173  5.00    128.71
154620  154470  11.13   84.28
154641  154420  11.50   64.29
154660  154671  9.00    47.52
154660  155136  7.33    139.60
154662  154592  11.50   32.33
154662  154759  10.00   93.36
154671  155065  3.00    114.10
154671  154692  0.00    48.71
154678  154595  2.00    55.69
154678  154865  10.00   62.29
154688  154993  3.00    87.90
154692  154700  10.00   31.47
154696  154518  11.50   90.30
154700  154959  0.00    75.79
154700  154721  0.00    50.64
154709  154825  3.00    67.61
154711  154825  8.67    32.23
154711  154620  9.80    83.60
154715  155070  12.71   104.63
154721  154936  4.67    66.58
154721  154541  10.00   103.48
154723  154818  9.85    133.77
154723  154530  0.00    52.96
154745  154696  8.50    57.76
154745  154715  2.60    14.34
154759  154825  0.00    62.23
154759  154919  2.00    70.13
154816  154723  3.00    116.80
154818  154662  0.00    57.09
154822  154994  10.73   53.79
154822  154816  0.00    7.52
154825  154843  7.88    7.23
154829  154709  11.50   57.82
154829  154641  10.00   62.61
154836  155309  8.17    150.65
154843  154919  2.43    29.24
154855  155222  20.00   114.07
154861  154816  9.60    77.39
154863  154829  0.00    23.49
154865  155053  7.88    94.26
154865  155108  38.00   73.71
154897  154641  0.00    139.87
154897  154696  3.00    62.06
154908  154861  9.80    77.42
154919  155116  11.50   64.89
154924  154843  0.00    40.39
154928  154936  50.00   79.77
154928  154541  4.75    116.25
154933  154503  11.50   128.29
154953  154595  2.00    115.43
154963  154599  7.57    109.11
154973  154863  3.00    93.58
154973  154924  8.67    19.11
154976  154908  8.00    77.22
154993  155130  0.00    84.35
154994  155024  0.00    11.14
154994  155077  6.75    141.21
155011  154863  14.33   80.96
155011  155137  10.25   119.51
155024  155320  13.30   102.43
155024  155201  0.00    101.74
155038  154818  12.32   90.33
155038  154976  11.50   77.27
155053  154608  9.50    131.15
155065  155432  0.00    114.01
155066  154745  8.44    98.23
155070  155230  2.60    53.17
155077  155134  3.00    82.76
155077  154908  0.00    49.39
155080  155070  1.00    48.71
155080  155053  0.00    9.26
155085  154692  1.00    115.40
155090  155085  0.00    83.59
155108  155080  8.00    75.41
155108  155427  2.50    100.29
155114  154897  11.50   65.73
155114  155011  3.00    62.75
155116  155191  0.00    24.57
155116  155038  0.00    27.56
155130  155090  0.00    83.87
155130  154928  0.00    60.59
155134  155191  9.83    82.83
155136  155222  10.00   61.58
155136  155360  6.88    72.15
155137  155115  0.00    7.29
155160  155114  3.00    16.19
155160  155299  0.00    128.64
155186  154924  15.00   82.57
155191  155340  3.00    51.41
155201  155272  6.78    99.38
155222  155292  3.00    81.09
155224  155085  3.00    45.75
155230  155410  10.50   54.35
155255  155224  0.00    106.43
155262  155137  10.50   55.13
155272  155365  9.83    99.78
155292  155309  8.67    60.15
155292  154963  0.00    108.57
155299  155262  11.50   20.90
155302  155160  1.00    53.66
155302  155378  7.25    55.88
155309  155329  7.62    34.82
155320  155456  3.00    35.54
155328  155320  0.00    23.51
155328  154933  20.00   128.00
155329  154953  8.00    117.00
155340  155365  0.00    9.44
155360  155543  6.50    128.77
155360  155476  1.75    40.70
155365  155526  8.75    50.56
155365  155399  0.00    19.71
155366  155302  8.67    21.91
155366  155066  8.33    98.20
155378  155825  8.00    139.17
155378  155435  0.00    63.81
155379  155364  7.82    79.99
155379  155224  10.00   47.07
155399  155461  3.00    42.18
155399  155797  8.33    124.29
155410  155475  10.50   95.96
155410  155605  9.40    62.24
155428  155328  0.00    25.50
155432  155379  1.00    45.23
155435  155299  6.00    50.20
155456  155428  0.00    21.08
155456  155470  0.00    5.76
155461  155510  6.00    58.34
155461  155186  1.00    82.58
155470  155496  10.86   108.66
155470  155557  3.00    39.27
155475  155230  8.13    120.96
155476  155888  7.36    145.21
155476  155593  0.00    106.58
155476  155432  0.00    28.49
155496  155526  7.88    108.68
155510  155562  8.67    58.87
155510  155115  8.67    124.92
155524  155428  0.00    32.19
155526  155671  13.25   49.86
155543  155292  2.00    78.73
155557  155524  0.00    13.04
155557  155604  20.00   25.70
155562  155262  5.50    94.39
155562  155606  10.88   60.49
155563  155543  0.00    9.50
155593  155737  0.00    56.23
155593  155615  0.00    27.30
155596  155644  0.00    18.68
155596  155563  0.00    15.49
155604  155744  8.67    52.65
155605  155648  3.00    101.78
155605  155791  9.00    61.23
155606  155435  0.00    59.35
155606  155643  14.33   26.81
155611  155557  0.00    23.93
155611  155604  20.00   34.04
155615  155563  14.33   23.62
155615  155644  0.00    15.26
155627  155366  7.50    81.88
155641  155611  7.86    115.06
155643  155826  10.00   57.74
155644  155940  0.00    106.09
155648  155475  0.00    59.41
155652  155461  11.50   64.62
155671  155833  5.83    50.04
155671  155641  12.60   120.61
155696  155652  0.00    54.24
155744  155914  5.73    59.40
155770  155744  8.82    85.09
155777  155596  0.00    74.05
155791  155883  11.50   70.12
155791  156108  8.57    105.55
155797  156165  11.00   124.05
155799  155641  0.00    50.28
155799  155770  14.45   85.07
155822  155799  13.33   75.35
155822  155973  0.00    50.15
155826  155696  11.00   129.00
155826  156018  8.88    68.05
155832  155648  8.00    59.77
155832  155791  7.62    101.64
155833  156074  10.55   80.87
155833  155822  3.00    48.17
155860  155832  15.00   93.70
155860  155863  0.00    18.54
155883  155627  8.67    81.90
155883  156012  7.57    92.28
155888  156302  8.41    145.72
155907  155524  20.00   142.61
155914  156084  2.33    69.26
155927  155914  11.36   82.62
155940  155777  0.00    63.07
155958  155927  6.67    82.67
155973  156408  9.38    149.39
155973  155958  20.00   52.62
156012  156312  0.00    104.46
156012  156018  0.00    48.47
156018  156153  3.00    46.17
156074  156314  10.29   80.87
156084  156228  7.33    50.60
156098  156125  3.00    67.43
156098  155652  7.86    147.88
156104  156084  10.88   120.50
156104  155958  14.33   49.61
156108  156490  2.33    140.07
156108  156219  20.00   87.95
156110  155860  0.00    82.82
156125  156153  8.67    64.36
156125  155696  10.00   143.17
156153  156430  10.29   96.99
156165  156098  6.50    41.70
156177  156110  0.00    117.62
156225  156165  3.00    35.75
156228  156474  11.51   146.09
156268  156104  3.00    52.80
156268  156228  6.67    104.62
156284  155907  9.00    142.73
156302  156177  7.25    118.45
156302  156431  11.47   63.38
156314  156225  11.50   55.61
156314  156444  6.50    74.33
156348  156431  0.00    89.48
156363  156098  3.00    89.66
156364  156125  0.00    80.55
156386  156225  3.71    87.98
156408  156314  20.00   61.49
156418  156110  0.00    106.90
156425  156348  0.00    90.47
156430  156583  8.67    93.38
156431  156496  0.00    39.04
156444  156629  11.50   76.17
156450  156408  9.80    56.77
156450  156268  11.00   68.39
156474  156450  9.86    8.55
156474  156564  12.00   109.18
156480  156425  0.00    77.39
156490  156710  7.67    134.33
156495  156474  0.00    8.77
156495  156284  12.92   138.53
156496  156480  0.00    76.03
156496  156626  3.00    43.57
156527  156363  2.54    86.78
156538  156624  0.00    46.92
156538  156629  0.00    54.03
156564  156809  7.69    114.61
156572  156578  0.00    24.23
156572  156527  0.00    28.72
156572  156364  6.50    80.55
156578  156527  0.00    18.56
156583  156572  0.00    5.86
156592  156495  8.67    106.41
156624  156652  0.00    22.36
156624  156578  0.00    17.44
156626  156743  11.36   55.27
156626  156635  0.00    87.30
156629  156711  11.00   41.95
156654  156583  3.00    43.99
156710  156635  0.00    123.75
156710  156981  9.06    128.81
156711  156727  7.25    54.68
156743  156985  10.56   91.92
156743  156781  15.63   123.42
156794  156711  20.00   66.67
156809  156794  0.00    8.73
156809  156992  12.29   83.64
156838  156592  3.00    111.59
156838  156809  0.00    10.26
156877  156794  7.25    131.37
156981  157084  0.00    122.81
156985  157161  5.71    92.81
156988  156992  0.00    10.93
156988  156838  14.33   73.91
156992  156978  2.00    95.16
156992  157356  10.00   148.25
157062  157084  0.00    15.86
157062  156985  50.00   54.35
157062  156916  0.00    59.37
157084  157181  4.17    124.84
157346  156988  12.41   147.53
147296  147800  8.00    122.88
147544  147829  9.80    56.91
147741  148301  10.60   113.87
147800  147829  12.80   96.91
147829  148179  11.00   129.89
147852  148179  11.50   65.78
147854  148312  8.59    82.99
147977  148678  8.22    132.08
148146  148398  8.80    114.29
148179  148380  3.00    49.88
148301  148553  8.08    53.10
148380  148080  9.00    74.58
148382  148301  0.00    21.50
148398  148588  11.20   37.84
148398  148628  6.50    101.85
148461  148380  0.00    18.08
148517  148269  8.21    59.32
148536  148461  10.29   80.43
148569  148546  0.00    7.13
148588  148536  5.57    80.25
148678  149458  11.50   133.62
148787  149025  8.80    41.33
148885  148151  9.83    141.49
148910  148890  5.90    67.80
148910  148588  9.11    66.35
148931  148910  6.48    29.55
148951  148784  3.00    41.72
148952  148569  8.86    105.89
148974  149053  4.92    14.65
148974  148931  10.20   35.12
149025  149433  5.50    71.37
149053  149171  0.00    22.21
149171  149297  11.33   21.29
149192  148535  11.50   115.11
149268  148951  9.00    64.05
149268  149060  9.67    61.12
149297  149562  9.83    53.27
149316  149677  13.18   69.83
149326  148833  8.60    79.66
149326  148952  10.50   105.89
149329  148951  8.78    107.43
149433  149958  9.20    98.46
149433  149048  15.00   98.62
149488  149104  6.78    99.46
149495  149326  2.60    83.59
149562  149596  0.00    7.75
149646  148885  14.00   142.40
149677  149775  9.30    19.98
149684  149268  7.00    134.36
149694  149610  7.57    91.90
149698  149488  3.00    54.45
149743  149845  20.00   22.05
149743  149684  11.17   48.55
149766  149999  10.57   106.49
149766  149432  6.50    59.77
149775  149999  10.08   40.89
149777  149329  9.80    109.50
149777  149743  0.00    36.62
149783  149694  6.58    91.91
149801  149192  10.30   115.33
149804  149783  6.50    26.28
149840  149766  11.00   13.78
149840  150461  8.17    135.79
149845  149684  3.00    47.66
149903  149326  11.95   135.78
149903  149777  9.86    114.09
149914  149804  10.00   46.32
149951  149958  0.00    5.90
149958  150014  14.33   11.02
149999  150461  6.17    103.77
150014  150022  4.17    17.68
150022  149951  10.00   15.67
150047  149845  3.00    77.67
150050  149698  9.20    111.46
150050  149488  7.82    135.22
150063  149903  8.57    82.51
150173  149914  12.20   126.66
150195  150605  11.20   103.17
150205  150063  10.83   82.57
150205  150352  12.29   92.96
150212  150403  10.50   40.56
150212  150047  18.88   77.57
150301  150022  9.47    71.35
150306  150392  0.00    116.77
150352  150520  11.50   93.59
150362  149783  7.67    105.37
150371  150807  11.50   84.92
150371  150938  11.20   131.85
150373  150301  1.00    13.55
150375  150212  4.00    84.41
150394  150375  3.00    83.66
150394  150614  11.50   43.63
150403  150173  5.75    125.87
150403  150885  11.00   90.12
150409  149914  7.67    101.82
150441  150205  3.00    75.84
150441  150394  1.00    71.09
150450  149902  5.71    114.02
150461  151080  8.92    128.29
150461  150605  6.00    71.82
150547  150373  8.67    38.44
150564  149840  7.61    144.41
150605  151075  11.67   97.72
150614  150789  11.50   101.94
150619  150494  11.13   96.26
150619  150373  5.40    67.00
150679  151138  7.25    131.22
150679  150737  10.57   97.54
150697  150269  9.38    88.88
150697  150450  11.00   107.94
150715  150920  7.00    99.44
150715  150195  9.43    105.12
150715  151324  8.05    135.11
150737  150371  9.11    100.14
150762  150441  16.80   87.78
150789  150873  3.00    21.99
150807  151227  20.00   84.92
150837  150789  0.00    15.11
150837  150916  5.33    82.45
150864  150619  10.00   85.54
150873  150837  3.00    25.52
150873  151429  13.25   147.86
150885  151053  7.00    47.48
150885  151556  10.20   130.49
150891  151103  7.86    105.64
150891  150547  8.40    69.30
150897  150362  10.45   105.38
150916  151194  5.50    84.83
150920  150697  11.17   100.96
150938  150897  9.83    103.30
150938  150409  0.00    102.39
150942  150403  11.00   134.77
150955  150401  8.71    117.30
150976  150864  9.80    84.25
151053  150679  3.00    73.18
151053  151552  8.57    123.82
151062  150835  0.00    57.28
151062  150762  14.25   87.79
151075  151536  11.20   97.60
151080  151671  9.82    128.29
151103  151317  7.63    105.60
151138  151552  11.50   86.35
151138  151227  9.00    27.79
151185  151319  10.90   103.65
151186  151315  9.83    111.11
151186  150715  9.00    98.70
151193  151413  9.00    102.96
151193  150891  8.74    67.51
151194  150614  3.00    139.50
151208  151635  9.50    88.28
151208  151193  0.00    3.94
151227  151472  8.56    67.53
151272  150564  10.44   143.91
151272  151671  11.91   89.84
151315  150955  13.50   113.40
151317  151636  5.14    71.19
151319  151869  7.00    121.08
151324  151808  9.38    132.73
151345  151319  6.00    59.74
151345  151977  7.80    129.58
151413  151636  8.89    102.95
151447  151208  10.54   72.38
151476  151185  17.50   104.50
151476  151745  8.67    91.87
151527  151186  7.77    70.35
151536  151919  10.25   90.12
151552  151556  16.55   136.28
151556  152006  15.75   95.74
151556  151638  8.50    86.24
151596  151062  6.00    122.49
151606  151476  8.00    33.82
151606  152108  20.00   101.47
151635  152055  4.36    88.83
151636  151916  8.33    74.18
151638  151194  0.00    92.53
151638  150942  11.00   138.86
151669  151527  9.13    65.70
151671  151919  14.69   75.82
151704  151345  7.25    88.60
151704  151745  0.00    20.60
151707  151833  5.20    90.45
151707  151303  9.40    109.91
151725  151447  5.72    88.93
151745  151908  9.00    41.57
151782  152006  8.35    85.64
151808  151527  10.95   70.83
151808  152344  11.38   137.26
151833  151272  8.34    125.25
151869  152022  0.00    25.55
151881  151782  9.80    85.15
151908  151704  11.50   44.73
151916  151635  6.33    136.38
151919  152086  3.00    48.57
151919  152335  7.80    85.55
151952  151869  0.00    29.14
151977  152096  11.50   25.23
151977  152075  0.00    20.22
151981  151881  0.00    30.36
152006  151952  11.70   70.98
152020  151911  0.00    20.93
152022  152649  10.69   133.63
152022  151952  3.00    22.52
152036  151536  14.33   134.69
152044  151447  8.13    126.98
152055  152461  5.33    88.94
152065  152175  9.00    58.16
152065  152079  1.00    14.98
152075  152096  0.00    16.07
152075  152470  9.86    86.74
152079  152379  8.50    60.78
152086  152744  9.00    138.69
152086  152176  0.00    29.95
152092  151596  11.50   100.38
152096  152455  6.50    73.89
152108  152586  7.67    101.09
152175  151908  20.00   49.94
152182  152330  11.50   102.82
152197  151879  9.31    115.87
152197  151603  8.91    136.34
152249  152393  10.50   63.37
152249  152197  0.00    17.37
152266  151721  8.96    126.69
152266  151707  17.17   119.81
152330  152249  0.00    33.21
152330  152569  9.71    106.19
152335  152761  6.75    86.35
152341  152020  11.36   133.76
152344  152556  7.83    101.49
152344  152036  7.57    117.72
152379  152578  8.13    65.48
152379  152638  0.00    54.73
152385  151833  6.75    114.23
152406  152036  10.25   82.14
152415  152154  16.67   52.77
152455  152823  13.25   72.79
152461  152182  3.00    104.35
152461  152536  8.11    105.61
152470  152884  11.90   86.86
152483  152020  10.07   105.56
152507  152475  0.00    6.80
152507  152341  8.29    130.88
152532  152092  10.25   99.14
152536  152763  14.00   91.57
152539  152483  10.08   55.88
152539  152951  8.67    87.73
152556  153008  5.90    106.74
152578  152823  7.40    82.81
152578  152455  2.00    79.30
152585  152539  11.20   51.61
152586  152532  3.00    37.06
152586  152941  9.83    76.47
152638  152941  11.20   144.12
152644  152044  9.43    127.67
152707  152585  10.00   107.24
152711  152796  0.00    27.37
152743  152415  6.67    107.25
152743  152914  4.17    109.58
152743  153100  8.05    131.64
152744  153008  0.00    72.61
152761  153263  5.27    109.20
152761  152744  0.00    116.44
152763  153212  7.40    129.03
152763  153291  8.33    117.98
152777  152266  10.45   104.64
152796  152860  11.50   16.72
152814  152711  0.00    28.19
152814  152951  0.00    59.36
152823  153193  7.27    83.53
152855  152536  1.00    82.47
152859  152532  0.00    68.43
152859  153225  0.00    83.98
152860  152861  3.00    19.89
152861  152814  8.67    13.38
152882  152385  7.89    113.63
152891  152483  12.38   84.30
152904  152707  8.00    80.47
152914  152415  6.27    105.36
152936  152569  0.00    105.06
152941  153239  8.11    71.30
152951  153273  15.40   84.94
152979  152882  11.50   35.71
153008  153398  13.25   108.34
153088  153193  9.00    73.78
153100  153353  6.11    130.58
153121  153384  2.33    102.78
153125  152507  8.80    145.08
153125  152904  0.00    81.69
153148  153177  10.00   32.28
153148  153125  11.50   5.62
153161  152855  8.80    82.47
153161  152644  9.50    125.93
153177  153121  6.50    99.51
153177  153371  8.00    106.85
153212  153589  9.00    83.24
153212  153531  11.50   90.76
153225  153180  3.00    35.28
153239  153225  4.67    27.57
153249  152777  5.83    104.62
153263  152979  6.95    134.67
153272  153605  0.00    102.19
153273  152891  11.50   84.30
153273  153746  1.00    109.40
153291  152936  0.00    104.87
153291  153736  9.00    96.35
153300  153088  7.75    76.81
153300  153239  7.29    76.76
153326  153387  0.00    12.99
153326  152861  11.00   113.86
153337  153148  10.00   55.94
153353  153640  6.00    131.99
153367  152882  6.40    111.12
153371  153601  10.00   108.66
153384  153827  13.67   106.09
153387  153831  11.50   107.01
153398  153561  9.20    105.96
153452  153337  7.40    36.40
153459  153184  13.25   75.27
153459  153736  24.33   104.98
153490  152914  5.14    137.86
153490  153161  11.50   90.73
153504  153720  0.00    70.20
153504  153425  0.00    21.75
153514  153263  3.60    100.58
153531  153839  6.50    90.76
153535  153914  6.50    92.79
153535  153337  10.00   80.58
153587  153272  0.00    101.91
153587  152979  9.82    130.81
153589  153947  10.00   83.24
153601  153535  20.00   22.45
153605  153637  0.00    16.94
153605  153968  0.00    130.42
153637  153504  0.00    34.68
153637  153830  0.00    61.97
153640  153490  9.38    34.05
153662  153635  8.86    111.94
153671  153514  0.00    38.96
153671  154045  0.00    127.37
153677  153514  4.67    106.92
153720  153671  0.00    14.80
153736  153956  11.50   83.29
153746  153851  11.18   53.94
153746  153249  6.56    104.62
153750  153459  6.00    136.54
153791  153452  16.00   94.86
153827  153993  1.00    54.07
153827  153387  1.00    143.69
153830  153720  0.00    29.86
153831  154196  10.56   106.96
153839  153640  8.19    42.93
153851  153367  10.47   111.48
153914  154244  14.33   92.71
153947  153957  6.50    27.37
153949  153452  9.00    143.71
153956  153947  0.00    13.14
153957  154003  11.50   47.92
153959  153326  10.73   146.17
153959  154098  11.29   117.08
153963  153956  0.00    8.27
153968  153587  3.00    88.71
153993  153601  14.33   119.22
154003  153839  4.67    46.32
154003  154129  15.67   76.28
154010  153963  8.67    45.97
154031  154218  3.00    54.17
154045  153830  0.00    62.59
154045  154173  0.00    59.80
154074  153677  8.30    111.89
154074  153561  10.50   119.14
154091  154420  3.00    97.28
154091  153968  25.20   32.81
154091  154143  13.36   90.84
154098  154143  7.21    41.35
154098  153851  9.00    70.14
154099  154306  1.86    54.48
154099  154074  4.00    9.75
154102  154010  8.67    62.75
154129  154099  21.50   95.58
154136  153791  7.25    96.91
154136  154244  15.00   77.64
154153  154298  20.00   119.91
154153  153959  5.50    59.66
154173  154356  0.00    78.53
154173  154608  5.00    128.71
154188  154099  12.00   76.76
154196  153993  6.25    69.04
154218  154188  15.00   20.53
154218  154595  6.67    98.95
154229  154102  4.63    77.27
154235  154251  0.00    42.42
154235  154196  0.00    15.67
154244  154470  12.54   81.56
154251  154153  11.00   35.11
154258  154091  8.48    64.84
154298  154098  20.00   59.79
154306  154329  0.00    40.50
154306  154599  3.00    81.28
154317  154102  0.00    55.21
154320  154003  5.91    79.44
154325  154251  20.00   28.38
154325  154235  0.00    29.03
154329  154347  6.50    33.61
154347  154188  0.00    39.32
154356  154258  3.00    32.37
154370  154317  0.00    45.59
154376  154218  11.50   80.33
154406  154599  3.00    49.75
154414  154329  0.00    25.27
154420  154518  6.50    44.69
154420  154641  11.50   64.29
154440  154129  4.67    82.23
154440  154320  11.50   68.18
154445  154317  11.50   35.82
154470  154325  3.00    62.44
154470  154620  11.13   84.28
154475  154445  0.00    40.51
154497  153949  6.50    147.97
154497  154499  11.00   48.00
154499  154136  15.00   95.70
154499  154530  11.00   33.05
154501  154497  6.50    63.85
154509  154298  10.50   57.84
154509  154325  8.80    143.76
154510  153957  18.70   144.78
154518  154696  11.50   90.30
154518  154258  20.00   78.49
154519  154510  10.00   45.58
154519  153963  4.75    145.64
154526  154519  10.00   39.66
154526  154010  12.60   132.25
154530  154592  13.25   58.42
154530  154723  0.00    52.96
154541  154928  4.75    116.25
154541  154721  10.00   103.48
154541  154229  6.67    81.95
154581  154509  13.67   55.36
154592  154470  0.00    43.19
154592  154662  11.50   32.33
154595  154678  2.00    55.69
154595  154953  2.00    115.43
154599  154963  7.57    109.11
154608  155053  9.50    131.15
154620  154711  9.80    83.60
154641  154897  0.00    139.87
154641  154829  10.00   62.61
154660  154320  7.67    92.74
154662  154818  0.00    57.09
154671  154660  9.00    47.52
154671  154510  10.00   45.74
154678  154376  22.80   83.99
154692  154671  0.00    48.71
154692  155085  1.00    115.40
154696  154897  3.00    62.06
154696  154745  8.50    57.76
154700  154692  10.00   31.47
154700  154526  3.00    48.97
154709  154829  11.50   57.82
154711  154509  11.50   62.59
154715  154745  2.60    14.34
154715  154356  5.85    127.03
154721  154445  0.00    72.06
154721  154700  0.00    50.64
154723  154816  3.00    116.80
154745  155066  8.44    98.23
154759  154662  10.00   93.36
154816  154861  9.60    77.39
154816  154822  0.00    7.52
154818  154723  9.85    133.77
154818  155038  12.32   90.33
154825  154759  0.00    62.23
154825  154709  3.00    67.61
154825  154711  8.67    32.23
154829  154863  0.00    23.49
154836  154347  11.50   148.44
154843  154825  7.88    7.23
154843  154924  0.00    40.39
154855  154440  2.00    114.29
154861  154908  9.80    77.42
154863  154973  3.00    93.58
154863  155011  14.33   80.96
154865  154678  10.00   62.29
154897  155114  11.50   65.73
154908  154976  8.00    77.22
154908  155077  0.00    49.39
154919  154843  2.43    29.24
154919  154759  2.00    70.13
154924  154973  8.67    19.11
154924  155186  15.00   82.57
154928  155130  0.00    60.59
154936  154928  50.00   79.77
154936  154721  4.67    66.58
154953  155329  8.00    117.00
154959  154700  0.00    75.79
154963  155292  0.00    108.57
154976  155038  11.50   77.27
154993  154688  3.00    87.90
155011  155114  3.00    62.75
155038  155116  0.00    27.56
155053  155080  0.00    9.26
155053  154865  7.88    94.26
155065  154671  3.00    114.10
155066  155366  8.33    98.20
155070  154715  12.71   104.63
155070  155080  1.00    48.71
155077  154994  6.75    141.21
155080  155108  8.00    75.41
155085  155224  3.00    45.75
155085  155090  0.00    83.59
155090  155130  0.00    83.87
155108  154865  38.00   73.71
155114  155160  3.00    16.19
155115  155137  0.00    7.29
155115  155510  8.67    124.92
155116  154919  11.50   64.89
155130  154993  0.00    84.35
155134  155077  3.00    82.76
155136  154660  7.33    139.60
155137  155011  10.25   119.51
155137  155262  10.50   55.13
155160  155302  1.00    53.66
155186  155461  1.00    82.58
155191  155134  9.83    82.83
155191  155116  0.00    24.57
155201  155024  0.00    101.74
155222  155136  10.00   61.58
155222  154855  20.00   114.07
155224  155255  0.00    106.43
155224  155379  10.00   47.07
155230  155475  8.13    120.96
155230  155070  2.60    53.17
155262  155299  11.50   20.90
155262  155562  5.50    94.39
155272  155201  6.78    99.38
155292  155222  3.00    81.09
155292  155543  2.00    78.73
155299  155435  6.00    50.20
155299  155160  0.00    128.64
155302  155366  8.67    21.91
155309  155292  8.67    60.15
155309  154836  8.17    150.65
155329  155309  7.62    34.82
155340  155191  3.00    51.41
155360  155136  6.88    72.15
155364  155379  7.82    79.99
155365  155272  9.83    99.78
155365  155340  0.00    9.44
155366  155627  7.50    81.88
155378  155302  7.25    55.88
155379  155432  1.00    45.23
155399  155365  0.00    19.71
155410  155230  10.50   54.35
155427  155108  2.50    100.29
155432  155065  0.00    114.01
155432  155476  0.00    28.49
155435  155606  0.00    59.35
155435  155378  0.00    63.81
155461  155652  11.50   64.62
155461  155399  3.00    42.18
155475  155410  10.50   95.96
155475  155648  0.00    59.41
155476  155360  1.75    40.70
155510  155461  6.00    58.34
155526  155365  8.75    50.56
155543  155563  0.00    9.50
155543  155360  6.50    128.77
155562  155510  8.67    58.87
155563  155596  0.00    15.49
155563  155615  14.33   23.62
155593  155476  0.00    106.58
155596  155777  0.00    74.05
155605  155410  9.40    62.24
155606  155562  10.88   60.49
155615  155593  0.00    27.30
155627  155883  8.67    81.90
155641  155799  0.00    50.28
155643  155606  14.33   26.81
155644  155615  0.00    15.26
155644  155596  0.00    18.68
155648  155605  3.00    101.78
155648  155832  8.00    59.77
155652  155696  0.00    54.24
155652  156098  7.86    147.88
155671  155526  13.25   49.86
155696  156125  10.00   143.17
155696  155826  11.00   129.00
155737  155593  0.00    56.23
155744  155770  8.82    85.09
155770  155799  14.45   85.07
155777  155940  0.00    63.07
155791  155605  9.00    61.23
155791  155832  7.62    101.64
155797  155399  8.33    124.29
155799  155822  13.33   75.35
155822  155833  3.00    48.17
155825  155378  8.00    139.17
155826  155643  10.00   57.74
155832  155860  15.00   93.70
155833  155671  5.83    50.04
155860  156110  0.00    82.82
155863  155860  0.00    18.54
155883  155791  11.50   70.12
155888  155476  7.36    145.21
155914  155927  11.36   82.62
155927  155958  6.67    82.67
155940  155644  0.00    106.09
155958  156104  14.33   49.61
155958  155973  20.00   52.62
155973  155822  0.00    50.15
156012  155883  7.57    92.28
156018  156012  0.00    48.47
156018  155826  8.88    68.05
156074  155833  10.55   80.87
156084  156104  10.88   120.50
156098  156165  6.50    41.70
156098  156363  3.00    89.66
156104  156268  3.00    52.80
156108  155791  8.57    105.55
156110  156177  0.00    117.62
156110  156418  0.00    106.90
156125  156364  0.00    80.55
156125  156098  3.00    67.43
156153  156018  3.00    46.17
156153  156125  8.67    64.36
156165  155797  11.00   124.05
156165  156225  3.00    35.75
156177  156302  7.25    118.45
156219  156108  20.00   87.95
156225  156386  3.71    87.98
156225  156314  11.50   55.61
156228  156268  6.67    104.62
156268  156450  11.00   68.39
156302  155888  8.41    145.72
156312  156012  0.00    104.46
156314  156074  10.29   80.87
156314  156408  20.00   61.49
156348  156425  0.00    90.47
156363  156527  2.54    86.78
156364  156572  6.50    80.55
156408  155973  9.38    149.39
156408  156450  9.80    56.77
156425  156480  0.00    77.39
156430  156153  10.29   96.99
156431  156348  0.00    89.48
156431  156302  11.47   63.38
156444  156314  6.50    74.33
156450  156474  9.86    8.55
156474  156495  0.00    8.77
156480  156496  0.00    76.03
156490  156108  2.33    140.07
156496  156431  0.00    39.04
156527  156572  0.00    28.72
156527  156578  0.00    18.56
156572  156583  0.00    5.86
156578  156624  0.00    17.44
156578  156572  0.00    24.23
156583  156430  8.67    93.38
156583  156654  3.00    43.99
156624  156538  0.00    46.92
156626  156496  3.00    43.57
156629  156538  0.00    54.03
156629  156444  11.50   76.17
156635  156626  0.00    87.30
156635  156710  0.00    123.75
156652  156624  0.00    22.36
156710  156490  7.67    134.33
156711  156629  11.00   41.95
156711  156794  20.00   66.67
156727  156711  7.25    54.68
156743  156626  11.36   55.27
156781  156743  15.63   123.42
156794  156809  0.00    8.73
156794  156877  7.25    131.37
156809  156838  0.00    10.26
156916  157062  0.00    59.37
156978  156992  2.00    95.16
156981  156710  9.06    128.81
156985  156743  10.56   91.92
156992  156988  0.00    10.93
157084  157062  0.00    15.86
157084  156981  0.00    122.81
157181  157084  4.17    124.84
1 3 156074 156314 155799 155770 155399 155461
2 3 153193 152823 152379 152079 151869 151319
3 2 151671 151272 149999 149766
4 2 153640 153353 152044 152644
