S 10412.7
F 
Z1 (37796, 38155), (38155, 38419), (38419, 38616), (38616, 38706), (38706, 38745), (38745, 38784), (38784, 38808), (38808, 38870), (38870, 38941), (38941, 39218), (39218, 39472), (39472, 39198), (39198, 38755), (38755, 39005), (39005, 38737), (38737, 38495), (38495, 38271), (38271, 38249), (38249, 38081), (38081, 38010), (38010, 38294), (38294, 38168), (38168, 37788), (37788, 37666), (37666, 37532), (37532, 37515), (37515, 37604), (37604, 37698), (37698, 37796)
Z1 (39633, 39674), (39674, 39642), (39642, 39613), (39613, 39592), (39592, 39472), (39472, 39679), (39679, 39931), (39931, 40089), (40089, 40249), (40249, 40331), (40331, 40472), (40472, 40230), (40230, 39998), (39998, 40116), (40116, 40383), (40383, 40641), (40641, 40742), (40742, 40791), (40791, 40840), (40840, 40891), (40891, 40911), (40911, 40881), (40881, 40844), (40844, 40809), (40809, 40829), (40829, 40937), (40937, 41007), (41007, 41028), (41028, 40975), (40975, 41081), (41081, 41169), (41169, 40774), (40774, 40613), (40613, 40130), (40130, 39939), (39939, 39941), (39941, 39497), (39497, 39633)
Z1 (43024, 42887), (42887, 42879), (42879, 42875), (42875, 42877), (42877, 43134), (43134, 43186), (43186, 43146), (43146, 43114), (43114, 43025), (43025, 42966), (42966, 42888), (42888, 42814), (42814, 42605), (42605, 42514), (42514, 42524), (42524, 42019), (42019, 41525), (41525, 41533), (41533, 41554), (41554, 41434), (41434, 41236), (41236, 40978), (40978, 40840), (40840, 40891), (40891, 40911), (40911, 40946), (40946, 40998), (40998, 41051), (41051, 41228), (41228, 41304), (41304, 41544), (41544, 41800), (41800, 41978), (41978, 42068), (42068, 42082), (42082, 42139), (42139, 41967), (41967, 167663), (167663, 41695), (41695, 41616), (41616, 41564), (41564, 41862), (41862, 42160), (42160, 42363), (42363, 42568), (42568, 42873), (42873, 43112), (43112, 43216), (43216, 43406), (43406, 43465), (43465, 43605), (43605, 167881), (167881, 43769), (43769, 167829), (167829, 43024)
Z1 (43375, 43616), (43616, 44079), (44079, 43789), (43789, 43518), (43518, 43186), (43186, 43146), (43146, 43385), (43385, 43025), (43025, 42966), (42966, 43543), (43543, 43598), (43598, 43929), (43929, 44350), (44350, 44361), (44361, 44279), (44279, 44662), (44662, 45076), (45076, 45103), (45103, 45420), (45420, 45745), (45745, 46043), (46043, 46425), (46425, 46865), (46865, 46822), (46822, 46774), (46774, 46623), (46623, 46467), (46467, 46163), (46163, 45712), (45712, 45233), (45233, 44788), (44788, 44494), (44494, 167936), (167936, 43838), (43838, 167881), (167881, 43769), (43769, 43700), (43700, 43375)
Z2 (34260, 34484), (34484, 34585), (34585, 34733), (34733, 34960), (34960, 35075), (35075, 35190), (35190, 35417), (35417, 35199), (35199, 35031), (35031, 34901), (34901, 35127), (35127, 35139), (35139, 35041), (35041, 34890), (34890, 34593), (34593, 34331), (34331, 34105), (34105, 33846), (33846, 33734), (33734, 33646), (33646, 33481), (33481, 33518), (33518, 33573), (33573, 33613), (33613, 33800), (33800, 166873), (166873, 33934), (33934, 34260)
Z2 (32497, 32426), (32426, 32312), (32312, 32294), (32294, 32191), (32191, 32086), (32086, 32076), (32076, 32021), (32021, 31901), (31901, 31781), (31781, 31627), (31627, 31838), (31838, 31930), (31930, 31987), (31987, 32338), (32338, 32644), (32644, 32847), (32847, 32944), (32944, 169284), (169284, 32987), (32987, 32944), (32944, 32987), (32987, 33003), (33003, 33158), (33158, 33435), (33435, 33796), (33796, 33656), (33656, 33572), (33572, 33339), (33339, 33059), (33059, 32793), (32793, 32573), (32573, 32497)
Z2 (33361, 33311), (33311, 33273), (33273, 33073), (33073, 32808), (32808, 32524), (32524, 32258), (32258, 32142), (32142, 32168), (32168, 32452), (32452, 32637), (32637, 32653), (32653, 32883), (32883, 33138), (33138, 33401), (33401, 33679), (33679, 33693), (33693, 33724), (33724, 33472), (33472, 33361)
Z2 (31349, 31426), (31426, 31560), (31560, 31563), (31563, 31679), (31679, 32092), (32092, 32505), (32505, 32937), (32937, 32881), (32881, 32810), (32810, 32892), (32892, 32970), (32970, 33006), (33006, 32701), (32701, 32699), (32699, 32400), (32400, 32217), (32217, 32081), (32081, 32062), (32062, 31986), (31986, 31821), (31821, 31600), (31600, 31349)
Z3 (35743, 35515), (35515, 35395), (35395, 35324), (35324, 35487), (35487, 35384), (35384, 35327), (35327, 35192), (35192, 35073), (35073, 34918), (34918, 34778), (34778, 34377), (34377, 34061), (34061, 33700), (33700, 33328), (33328, 33483), (33483, 33707), (33707, 33748), (33748, 33799), (33799, 33852), (33852, 33957), (33957, 34077), (34077, 34150), (34150, 34241), (34241, 34466), (34466, 34702), (34702, 34952), (34952, 35213), (35213, 35382), (35382, 35503), (35503, 35686), (35686, 35923), (35923, 36071), (36071, 35743)
Z3 (37440, 37669), (37669, 37628), (37628, 37819), (37819, 37806), (37806, 37763), (37763, 37624), (37624, 37507), (37507, 37479), (37479, 37435), (37435, 37384), (37384, 37256), (37256, 37555), (37555, 37874), (37874, 37500), (37500, 37471), (37471, 37174), (37174, 36796), (36796, 36643), (36643, 36573), (36573, 36601), (36601, 36798), (36798, 36982), (36982, 37191), (37191, 37351), (37351, 37440)
Z3 (40184, 40194), (40194, 40204), (40204, 40205), (40205, 40741), (40741, 41125), (41125, 41424), (41424, 41524), (41524, 41852), (41852, 42020), (42020, 42099), (42099, 42133), (42133, 42199), (42199, 41893), (41893, 41715), (41715, 41482), (41482, 41361), (41361, 41295), (41295, 40864), (40864, 40905), (40905, 40934), (40934, 40705), (40705, 40531), (40531, 40349), (40349, 40232), (40232, 40147), (40147, 40158), (40158, 40171), (40171, 40184)
Z3 (45180, 45686), (45686, 46149), (46149, 46305), (46305, 46560), (46560, 46590), (46590, 47196), (47196, 47476), (47476, 47836), (47836, 48197), (48197, 48572), (48572, 47970), (47970, 47445), (47445, 46949), (46949, 47035), (47035, 46832), (46832, 46706), (46706, 46675), (46675, 46077), (46077, 45640), (45640, 45131), (45131, 44856), (44856, 44519), (44519, 44399), (44399, 44367), (44367, 44220), (44220, 44712), (44712, 44737), (44737, 45180)
Z4 (168074, 168137), (168137, 46489), (46489, 47011), (47011, 47349), (47349, 47709), (47709, 168386), (168386, 168441), (168441, 48677), (48677, 48608), (48608, 48590), (48590, 48539), (48539, 48490), (48490, 48384), (48384, 48049), (48049, 47608), (47608, 47224), (47224, 46807), (46807, 46325), (46325, 46307), (46307, 45928), (45928, 45357), (45357, 44950), (44950, 44726), (44726, 44500), (44500, 44415), (44415, 44510), (44510, 44616), (44616, 44635), (44635, 44911), (44911, 45146), (45146, 168074)
Z4 (50162, 49594), (49594, 49004), (49004, 49077), (49077, 49167), (49167, 49241), (49241, 49283), (49283, 168515), (168515, 168567), (168567, 49969), (49969, 50402), (50402, 50671), (50671, 51194), (51194, 51283), (51283, 51748), (51748, 168827), (168827, 52210), (52210, 52316), (52316, 52959), (52959, 168943), (168943, 53009), (53009, 52912), (52912, 52136), (52136, 51629), (51629, 51128), (51128, 50949), (50949, 50575), (50575, 50162)
Z4 (52092, 51924), (51924, 51326), (51326, 50701), (50701, 50845), (50845, 50981), (50981, 51122), (51122, 51274), (51274, 51401), (51401, 52005), (52005, 52430), (52430, 52698), (52698, 52895), (52895, 53318), (53318, 53757), (53757, 53641), (53641, 53541), (53541, 53039), (53039, 52887), (52887, 52232), (52232, 52092)
Z4 (51856, 52296), (52296, 52544), (52544, 52393), (52393, 52189), (52189, 52346), (52346, 52232), (52232, 52092), (52092, 51924), (51924, 51326), (51326, 50701), (50701, 50207), (50207, 49684), (49684, 49058), (49058, 48451), (48451, 48594), (48594, 48871), (48871, 48648), (48648, 48733), (48733, 48851), (48851, 168457), (168457, 49633), (49633, 50163), (50163, 50217), (50217, 50309), (50309, 50759), (50759, 50918), (50918, 51274), (51274, 51856)
