75 123 2 2 2 2 1124.26 862.2
55 2
58 2
60 2
61 2
70 2
71 2
80 2
84 2
87 2
92 2
96 2
98 1
100 2
104 1
111 2
113 1
116 2
117 2
120 1
122 2
123 2
125 1
127 2
130 2
134 2
135 1
139 1
144 1
146 2
150 2
151 1
155 1
156 2
158 2
160 1
161 2
163 1
164 2
168 1
169 1
170 2
174 1
176 2
180 2
182 1
184 2
186 1
188 1
192 1
205 2
209 1
210 1
211 1
223 1
226 1
232 1
234 1
235 1
236 1
244 1
250 1
257 1
260 1
263 1
265 1
273 1
278 1
280 1
292 1
293 1
440 2
445 2
454 1
456 1
461 1
55 58 1.41 19.77
58 71 1.36 102.26
58 80 1.39 132.23
60 55 1.23 44.50
61 60 0 44.07
70 60 1.53 74.64
70 61 0 49.14
71 87 1.57 102.33
80 92 2.18 89.47
80 100 3.61 132.24
84 70 2.07 86.27
87 104 1.45 100.05
87 84 4.51 20.23
92 116 8.95 132.30
92 96 6.31 28.58
96 122 8.65 132.32
96 111 1.58 85.82
98 84 1.63 100.24
100 117 4.29 83.71
104 120 1.3 100.09
111 87 1.89 132.16
111 123 2.38 63.64
113 120 1.33 20.13
113 98 1.32 100.24
116 100 4.83 88.72
117 440 1 117.45
117 130 3.73 61.13
120 139 1.43 126.54
120 144 1.52 131.57
122 116 6.4 28.51
123 125 2.57 13.09
123 127 2 26.70
125 144 2.23 121.00
127 125 1 24.38
130 150 3.91 115.11
130 146 3.82 101.45
134 111 3.97 132.36
134 122 3.79 86.07
135 113 1.42 123.80
139 160 2.44 126.53
144 168 2.46 133.48
144 163 2.31 129.55
146 161 3.5 101.37
150 158 3.72 49.25
151 134 4.7 98.42
155 135 1.64 123.83
156 134 4.27 123.41
156 174 10.52 97.91
158 170 1.95 66.08
160 155 1.29 20.44
161 156 4.48 26.99
163 182 2.68 129.54
164 150 3.2 101.20
168 151 6.39 98.42
168 186 3.25 116.35
169 160 1.34 36.23
170 184 5.86 100.81
174 186 9.43 97.91
176 192 14.6 97.36
176 161 4.43 89.68
180 176 11.82 25.99
180 164 8.44 101.20
182 169 1.59 97.64
184 205 2 100.81
186 209 8.8 125.84
186 210 4.3 115.76
188 168 9.68 127.76
192 210 4.8 97.37
205 226 5 96.56
205 180 4.92 115.93
209 232 10.49 125.80
210 235 3.94 114.83
210 234 10.91 123.34
211 188 7.44 127.75
211 182 3.06 132.66
223 211 4.52 50.32
226 244 3.77 96.56
232 223 2.12 56.72
234 257 3.52 123.37
235 260 9.5 133.83
235 244 5.18 41.83
236 250 3 54.80
236 454 0 16.27
244 265 6.71 117.38
250 232 3.81 72.86
257 250 2.09 46.06
260 263 10 26.70
263 461 3 18.92
265 273 3.5 17.83
273 280 5.5 23.62
273 260 10 51.07
278 257 2.37 86.32
280 292 7.29 79.18
280 263 0 52.81
292 278 3.07 86.31
293 292 1.86 10.18
445 158 0 56.14
456 236 0 10.21
100 116 4.83 88.72
116 122 6.4 28.51
122 134 3.79 86.07
134 151 4.7 98.42
151 168 6.39 98.42
155 160 1.29 20.44
160 169 1.34 36.23
168 188 9.68 127.76
169 182 1.59 97.64
182 211 3.06 132.66
188 211 7.44 127.75
192 176 14.6 97.36
210 192 4.8 97.37
211 223 4.52 50.32
223 232 2.12 56.72
232 250 3.81 72.86
234 210 10.91 123.34
250 257 2.09 46.06
257 278 2.37 86.32
257 234 3.52 123.37
260 235 9.5 133.83
263 260 10 26.70
278 292 3.07 86.31
292 293 1.86 10.18
461 263 3 18.92
1 2 134 151 176 161 
2 1 55 58 
