922 1761 4 7 4 1 1745.88 643.22
115057  86
115883  86
115888  86
116096  86
116943  86
117609  86
118268  86
118714  86
119514  86
120164  80
120506  86
121115  80
121251  86
121322  86
121794  80
122120  80
122277  80
122462  80
123520  86
123819  30
124052  80
124064  80
125065  80
125643  80
126070  30
126159  30
126266  30
126527  30
127052  80
127292  30
127676  80
127916  30
128262  80
128426  80
128601  80
129012  30
129042  80
129298  65
129981  65
130043  65
130299  65
130482  65
131160  65
131202  65
131375  80
131542  65
132650  65
133672  65
133688  65
134557  65
135469  65
135636  65
135797  65
135895  65
136151  65
136370  65
115390  86
115460  86
115616  86
115668  86
115772  86
115830  86
115872  86
115922  86
115996  86
116011  86
116118  86
116188  86
116275  86
116315  86
116374  86
116382  86
116406  86
116431  86
116443  86
116495  86
116526  86
116574  86
116719  86
116775  86
116790  86
116839  86
116882  86
116900  86
116946  86
116947  86
116970  86
117029  86
117030  86
117080  86
117085  86
117140  86
117178  86
117190  86
117194  86
117250  86
117261  86
117265  86
117289  86
117294  86
117338  86
117399  86
117434  86
117478  86
117482  86
117498  86
117542  86
117549  86
117558  86
117599  86
117636  86
117660  86
117702  86
117732  86
117739  86
117745  86
117750  86
117752  86
117756  86
117774  86
117775  86
117828  86
117830  86
117838  86
117868  86
117881  86
117889  86
117948  86
117950  86
117982  86
118007  86
118008  86
118054  86
118096  86
118143  86
118144  86
118146  86
118151  86
118170  86
118196  86
118223  86
118316  86
118320  86
118368  86
118393  86
118404  86
118412  86
118452  86
118467  86
118481  86
118525  86
118565  86
118678  86
118686  86
118730  86
118754  86
118794  86
118829  86
118865  86
118877  86
118888  86
118894  86
118924  86
118971  86
119042  86
119045  86
119103  86
119136  86
119139  86
119151  86
119244  86
119253  86
119289  86
119290  86
119310  86
119408  86
119409  86
119506  86
119520  86
119522  86
119559  86
119611  86
119641  86
119749  86
119786  86
119788  86
119808  86
119821  86
119835  86
119858  86
119865  86
119886  86
119911  86
119914  86
119958  86
120005  86
120009  86
120039  86
120040  86
120041  86
120055  86
120065  86
120084  86
120122  86
120148  86
120166  86
120240  86
120266  80
120271  86
120276  86
120280  86
120288  86
120300  86
120305  86
120329  86
120363  86
120381  86
120398  86
120415  86
120433  86
120448  86
120460  86
120483  86
120509  86
120524  86
120531  86
120537  86
120538  86
120539  86
120542  86
120551  86
120570  86
120611  86
120628  86
120715  86
120720  86
120784  86
120787  30
120795  86
120852  80
120932  86
120936  86
120937  86
121044  86
121046  86
121049  86
121061  80
121074  86
121076  86
121086  86
121091  86
121097  86
121121  86
121124  86
121134  86
121145  86
121151  86
121158  86
121179  30
121217  86
121244  86
121248  80
121253  86
121258  86
121265  86
121272  30
121279  30
121334  86
121341  86
121368  86
121374  86
121388  30
121410  86
121431  80
121451  86
121460  86
121479  86
121486  86
121500  86
121509  86
121527  80
121528  86
121532  86
121551  86
121564  86
121584  86
121591  86
121593  86
121602  86
121606  86
121616  86
121632  86
121634  86
121658  86
121662  86
121666  80
121668  86
121676  86
121680  86
121685  86
121698  86
121704  86
121719  30
121728  30
121750  80
121754  30
121821  86
121851  80
121852  86
121971  86
121976  80
121988  86
121992  80
122012  86
122015  86
122027  86
122064  86
122084  80
122095  86
122108  30
122117  86
122121  86
122142  86
122159  30
122162  86
122163  86
122168  86
122176  86
122179  86
122185  86
122191  86
122203  30
122212  86
122235  30
122270  86
122299  80
122301  86
122306  30
122307  30
122308  86
122330  30
122334  86
122352  30
122354  86
122397  86
122408  80
122464  80
122486  30
122487  86
122490  30
122538  80
122545  80
122553  86
122592  86
122619  86
122637  30
122639  86
122642  80
122646  86
122658  86
122666  86
122675  86
122677  86
122696  86
122697  86
122702  80
122709  30
122749  86
122751  80
122755  30
122756  30
122769  86
122772  30
122776  30
122780  86
122791  86
122793  30
122823  86
122837  30
122840  80
122861  86
122912  80
122935  80
122991  30
123000  86
123006  80
123040  86
123047  30
123059  86
123073  30
123079  80
123093  80
123101  30
123149  86
123151  86
123153  86
123168  86
123184  86
123186  86
123204  86
123253  30
123255  30
123256  30
123263  80
123305  80
123318  30
123356  80
123370  80
123373  80
123395  86
123413  80
123417  30
123444  86
123479  86
123555  80
123566  80
123578  80
123588  80
123590  80
123642  80
123643  80
123663  86
123665  80
123694  80
123723  80
123737  30
123752  30
123758  86
123802  30
123804  80
123821  80
123823  80
123847  30
123856  86
123889  80
123895  80
123902  86
123909  30
123912  30
123947  30
124010  86
124026  86
124032  30
124034  30
124044  30
124046  30
124071  80
124108  86
124155  30
124179  80
124211  86
124296  86
124318  86
124418  86
124467  86
124473  30
124494  30
124509  30
124511  30
124520  30
124536  30
124540  86
124556  30
124577  30
124578  80
124580  30
124588  86
124599  80
124602  86
124654  30
124660  30
124679  80
124691  30
124712  80
124713  80
124764  30
124785  80
124887  80
124893  80
124897  86
124911  80
124923  30
124961  80
124975  86
124976  30
124987  86
124997  80
125053  80
125079  86
125147  30
125165  86
125175  80
125184  86
125201  80
125218  30
125238  30
125255  30
125256  86
125259  86
125261  30
125310  30
125318  30
125338  86
125346  30
125351  30
125372  86
125389  30
125395  86
125403  30
125409  80
125415  80
125422  30
125439  30
125451  30
125452  30
125455  30
125467  80
125474  30
125491  30
125501  30
125507  30
125524  80
125527  30
125546  80
125589  80
125748  80
125785  80
125826  30
125845  80
125861  80
125874  86
125880  86
125911  86
125922  30
125928  30
125947  86
125979  30
125994  86
126000  80
126049  86
126060  30
126068  80
126081  30
126089  80
126110  86
126131  80
126193  80
126202  80
126215  86
126225  86
126231  30
126234  30
126253  80
126267  86
126296  30
126297  30
126315  30
126351  30
126357  30
126367  30
126375  65
126380  30
126419  30
126473  80
126484  80
126560  80
126567  65
126599  65
126650  30
126724  80
126762  80
126770  30
126790  80
126828  30
126878  80
126884  30
126885  30
126900  30
126904  30
126906  30
126917  80
126977  30
127006  80
127023  30
127030  80
127048  86
127051  65
127054  30
127062  65
127092  30
127141  30
127160  30
127186  65
127205  65
127218  65
127252  80
127328  30
127341  65
127354  65
127368  30
127370  65
127380  80
127383  65
127392  80
127395  30
127422  30
127443  80
127457  80
127471  30
127494  65
127495  30
127519  30
127526  65
127547  80
127578  30
127592  30
127603  65
127627  80
127633  30
127636  30
127643  65
127649  80
127659  65
127662  65
127665  80
127669  30
127683  80
127731  30
127755  65
127766  80
127808  30
127811  80
127816  30
127824  30
127845  30
127851  80
127855  80
127909  80
127942  80
127947  80
127969  80
128079  30
128084  30
128086  65
128088  65
128092  65
128095  80
128113  65
128117  65
128127  30
128136  65
128137  65
128152  80
128175  65
128180  65
128192  65
128203  65
128223  80
128248  30
128253  65
128284  80
128309  30
128336  65
128394  65
128400  30
128416  30
128478  80
128512  80
128527  65
128565  65
128574  30
128597  30
128599  30
128621  30
128631  80
128647  65
128661  65
128672  65
128695  65
128704  65
128741  65
128749  65
128779  65
128787  80
128854  65
128886  65
128922  80
128970  80
129000  65
129017  80
129021  65
129039  80
129048  80
129055  30
129143  80
129198  65
129214  80
129231  65
129256  65
129261  65
129265  65
129266  65
129285  65
129303  65
129308  65
129320  65
129324  65
129334  65
129342  65
129415  65
129459  65
129463  65
129464  65
129475  65
129477  80
129496  80
129497  65
129535  80
129563  65
129570  65
129572  30
129602  65
129606  65
129618  65
129625  65
129629  80
129642  80
129645  80
129654  65
129655  65
129673  65
129789  65
129799  80
129801  65
129802  65
129806  65
129818  65
129829  80
129925  65
129942  65
129963  65
129984  65
130005  80
130018  65
130034  65
130063  65
130078  65
130080  65
130104  65
130114  65
130130  65
130138  65
130154  65
130212  65
130214  65
130245  65
130249  65
130261  65
130270  65
130295  65
130300  65
130344  65
130355  65
130400  65
130423  65
130491  65
130520  65
130535  65
130542  65
130569  80
130588  65
130595  65
130655  65
130668  65
130714  65
130737  65
130748  65
130751  65
130754  65
130770  65
130786  65
130792  65
130853  65
130866  65
130877  65
130878  65
130886  65
130892  65
130923  65
130968  65
130985  65
131003  65
131009  65
131019  65
131086  65
131143  65
131201  65
131207  65
131236  65
131241  65
131273  65
131312  65
131334  65
131382  65
131388  65
131439  65
131464  65
131476  65
131486  65
131505  65
131632  65
131655  65
131664  65
131688  65
131718  65
131719  65
131789  65
131843  65
131848  65
131876  65
131897  65
131949  65
131984  65
132008  65
132035  65
132037  65
132076  65
132187  65
132190  65
132212  65
132217  65
132229  65
132236  65
132258  65
132290  65
132322  65
132349  65
132400  65
132404  65
132426  65
132437  65
132475  65
132502  65
132513  65
132526  65
132537  65
132584  65
132709  65
132733  65
132809  65
132950  65
132978  65
133018  65
133048  65
133058  65
133062  65
133099  65
133151  65
133168  65
133195  65
133212  65
133387  65
133468  65
133514  65
133531  65
133550  65
133611  65
133629  65
133640  65
133682  65
133699  65
133716  65
133839  65
133848  65
133854  65
133893  65
133894  65
133898  65
133914  65
133980  65
134218  65
134239  65
134303  65
134371  65
134453  65
134498  65
134499  65
134508  65
134517  65
134522  65
134537  65
134549  65
134650  65
134751  65
134820  65
134876  65
134891  65
135045  65
135048  65
135050  65
135064  65
135095  65
135120  65
135205  65
135209  65
135313  65
135400  65
135418  65
135446  65
135458  65
135489  65
135559  65
135612  65
135629  65
135740  65
135801  65
135951  65
136156  65
136442  65
136473  65
136500  65
137345  65
115057  115460  0.00    77.49
115460  115390  0.00    48.65
115460  115616  0.00    54.13
115616  115668  0.00    26.96
115616  115830  0.00    29.82
115830  116011  0.00    34.01
115830  115872  0.00    30.88
115883  116443  5.83    132.51
115888  116315  8.67    85.77
115922  116011  0.00    60.64
115922  115390  0.00    84.35
116011  116188  0.00    55.44
116096  116431  2.33    50.73
116118  115996  9.71    38.39
116118  115772  4.20    63.42
116275  116118  5.34    84.70
116315  116790  0.00    86.91
116374  116275  8.67    84.49
116382  116374  0.00    6.84
116431  116406  10.00   100.39
116431  116946  7.40    87.59
116443  116719  7.53    143.60
116443  116526  9.40    129.42
116495  115996  6.89    91.21
116526  116374  2.33    144.79
116526  115922  0.00    98.31
116574  116790  9.71    93.35
116574  116431  0.00    28.75
116719  116382  0.00    139.14
116719  116775  8.50    85.16
116775  117085  10.00   137.69
116790  117080  0.00    47.37
116839  116719  20.00   89.40
116882  116839  0.00    88.96
116900  116970  0.00    121.66
116900  116775  0.00    128.22
116943  116882  0.00    147.27
116943  116947  0.00    140.16
116946  117399  1.00    87.04
116947  116900  0.00    140.17
116970  117194  9.80    122.41
117029  116574  0.00    76.54
117030  116495  7.28    91.37
117080  117178  0.00    20.80
117085  117140  5.67    18.40
117140  117178  0.00    15.68
117140  117030  0.00    21.52
117178  117190  0.00    3.01
117178  117265  0.00    19.41
117190  117399  7.40    65.45
117190  117029  0.00    73.78
117194  117250  3.00    23.15
117250  117140  0.00    25.17
117250  117261  0.00    4.19
117261  117294  0.00    11.48
117261  117265  0.00    12.90
117265  117294  0.00    5.31
117265  117289  0.00    12.02
117289  117752  0.00    141.28
117294  117828  1.00    97.80
117294  117338  0.00    16.56
117338  117830  0.00    126.19
117399  117752  13.20   85.04
117482  117498  11.50   147.17
117498  117542  0.00    147.17
117542  117434  10.00   119.86
117549  117558  20.00   107.69
117558  117542  0.00    107.69
117599  117636  0.00    117.16
117599  117549  0.00    107.77
117609  117868  9.30    80.89
117609  118151  9.00    83.80
117636  117756  11.00   117.30
117660  117478  0.00    107.69
117702  117732  3.00    115.37
117732  117745  0.00    34.47
117739  117482  3.00    148.04
117745  117756  7.32    50.70
117750  117660  5.33    107.29
117752  118393  6.33    122.77
117756  117750  20.00   107.15
117774  117732  14.33   90.69
117775  117250  6.40    97.62
117775  117739  0.00    14.59
117828  117775  0.00    15.55
117828  117948  0.00    19.75
117830  118481  3.00    128.51
117838  117599  0.00    110.75
117868  118143  10.00   80.89
117881  117838  0.00    13.93
117881  117775  0.00    19.21
117889  117828  0.00    19.82
117948  117881  0.00    15.51
117948  118096  0.00    27.92
117950  118144  0.00    98.44
117950  117702  3.00    116.46
118007  117950  8.14    15.67
118008  117948  0.00    16.34
118054  117881  0.00    27.87
118054  118007  3.00    14.05
118096  118054  0.00    15.48
118096  118223  0.00    22.60
118143  118565  8.71    121.63
118144  118316  0.00    98.83
118146  118096  0.00    15.17
118151  118467  7.80    94.05
118151  118877  11.12   115.12
118170  118054  10.84   22.47
118196  118146  0.00    11.04
118223  118368  8.00    25.40
118268  118730  10.00   86.30
118316  118170  0.00    27.10
118320  117745  6.58    88.69
118368  119045  9.61    124.00
118368  118794  0.00    113.18
118393  119103  8.88    124.58
118404  117774  0.00    114.18
118412  118008  0.00    101.37
118452  117889  0.00    130.52
118467  118143  10.00   62.91
118467  118686  10.00   63.18
118481  119244  10.44   131.15
118525  118196  0.00    94.05
118565  118888  7.94    109.57
118678  117774  7.42    138.39
118686  119042  3.00    74.84
118686  118865  9.60    61.57
118714  119641  12.71   139.57
118730  117982  8.00    116.90
118754  118316  11.33   75.24
118794  118196  0.00    114.19
118829  119136  10.56   73.03
118865  118971  13.67   37.81
118877  118467  3.00    84.83
118877  119408  15.00   81.48
118888  118320  11.08   88.68
118894  118730  3.00    28.52
118924  118525  0.00    95.83
118924  118412  11.08   103.46
118971  118565  5.90    68.61
118971  119310  6.80    104.61
119042  119408  3.00    70.68
119045  119835  14.00   131.43
119045  119749  2.00    111.04
119103  119958  7.87    125.99
119136  118894  10.00   82.16
119136  119808  6.91    97.91
119139  118404  0.00    116.90
119139  118754  11.50   75.24
119151  118452  0.00    133.59
119244  120148  0.00    132.57
119253  118971  11.00   42.74
119289  119042  3.00    58.32
119289  118865  12.71   86.21
119290  118894  9.00    63.69
119290  118877  5.33    87.85
119310  118888  10.25   65.55
119408  119914  10.50   73.88
119409  118829  8.67    89.80
119506  119788  0.00    60.33
119506  119289  12.78   36.93
119514  119641  14.00   77.53
119514  120276  9.14    110.41
119522  119253  3.00    35.37
119559  118678  9.21    138.39
119611  118924  0.00    105.53
119641  120448  10.48   116.03
119641  120084  11.50   87.98
119749  120433  3.00    111.21
119786  119139  11.50   105.24
119788  119253  11.73   96.35
119808  119290  3.00    89.70
119835  120611  8.67    131.69
119858  119808  0.00    10.23
119858  120055  10.00   29.57
119865  119310  6.40    76.83
119865  119522  15.00   97.11
119911  119290  8.39    88.73
119914  119506  10.88   78.13
119914  120460  13.38   79.18
119958  120041  1.00    13.35
119958  120524  9.13    82.87
120005  119522  0.00    68.78
120005  120539  0.00    106.20
120009  120055  0.00    24.32
120009  119858  6.50    29.95
120039  119409  15.00   89.80
120040  119788  0.00    48.70
120040  120539  10.00   74.46
120041  120166  0.00    33.24
120041  120288  2.50    35.28
120055  120538  5.57    69.76
120065  119151  12.09   135.99
120084  120271  10.00   32.69
120084  120039  0.00    18.71
120122  120305  0.00    85.59
120148  121145  8.67    133.09
120164  120852  8.04    106.42
120166  120288  0.00    29.19
120166  120240  20.00   73.07
120240  120381  0.00    86.81
120240  119821  0.00    119.91
120271  120363  20.00   14.61
120271  120039  0.00    33.72
120276  120448  7.39    79.58
120276  121086  7.94    108.01
120280  119520  9.39    110.17
120288  120531  8.38    35.25
120300  120005  12.71   89.15
120300  119865  6.00    63.91
120305  119886  0.00    106.50
120329  119611  0.00    106.59
120363  120009  9.40    68.79
120381  120122  5.00    88.81
120381  120551  16.67   78.59
120398  119786  3.00    105.25
120415  120937  7.25    120.52
120433  121158  0.00    104.82
120448  120784  7.00    56.93
120460  120040  1.67    76.53
120460  121049  7.33    80.56
120483  119559  4.75    138.39
120506  120280  6.62    82.44
120509  119911  4.44    88.73
120524  121145  0.00    82.53
120531  121374  3.00    111.05
120531  121151  5.53    79.74
120538  121097  10.29   71.66
120538  120509  7.67    98.49
120539  121046  6.50    67.42
120542  120538  6.33    87.77
120542  120363  11.00   32.03
120551  120720  19.00   21.68
120551  120628  9.86    39.42
120611  121551  8.08    133.07
120628  120305  4.88    53.43
120720  120795  0.00    22.46
120720  121410  6.50    95.25
120784  120542  10.80   38.57
120784  121124  9.00    44.79
120795  121061  0.00    104.74
120795  121248  0.00    88.35
120852  120266  5.22    119.91
120932  120415  5.92    120.61
120936  120300  8.50    87.46
120937  121134  0.00    107.72
120937  121265  2.33    43.29
121044  120005  5.20    144.18
121044  121046  3.00    49.12
121046  121049  3.00    66.45
121049  121616  7.83    79.79
121061  121750  0.00    109.88
121074  120509  5.86    74.56
121076  120065  2.00    136.89
121086  121244  7.14    36.25
121091  120280  7.64    108.26
121091  121086  7.21    14.42
121097  121074  10.00   113.90
121097  121662  10.77   78.10
121115  121527  4.95    75.72
121121  120398  3.00    106.05
121124  121685  9.00    78.16
121124  121097  8.00    111.34
121134  120329  0.00    113.96
121145  121528  10.50   54.04
121151  121971  0.00    130.01
121151  121704  6.07    79.95
121158  120932  11.50   100.68
121217  120329  3.00    116.98
121244  121479  6.67    34.45
121244  121253  0.00    22.78
121248  121750  0.00    89.77
121251  121368  0.00    60.98
121253  121479  0.00    34.59
121253  120784  5.89    84.22
121258  120932  0.00    44.66
121265  121680  25.50   67.59
121265  121658  0.00    59.24
121272  120787  4.40    84.40
121272  121279  4.57    18.97
121279  121091  5.11    36.68
121322  121658  0.00    88.15
121334  120715  0.00    93.57
121341  121258  0.00    11.90
121368  121451  0.00    53.89
121368  120570  0.00    102.71
121374  121971  3.00    94.44
121388  121279  0.00    16.72
121388  121272  8.67    19.58
121410  121992  3.80    95.16
121451  121334  0.00    90.57
121451  120537  0.00    119.82
121460  121121  0.00    48.59
121460  121551  0.00    19.01
121479  121698  8.18    31.66
121486  121121  0.00    58.44
121486  121460  0.00    18.32
121500  121486  0.00    5.47
121500  120483  0.00    138.39
121509  121368  0.00    21.32
121509  121258  7.06    98.89
121527  120852  6.54    118.82
121527  121666  4.89    21.70
121528  122095  0.00    90.55
121528  122121  6.59    95.72
121532  121460  0.00    9.15
121532  121606  0.00    18.03
121551  121606  0.00    8.39
121564  121509  1.00    35.58
121564  122012  0.00    79.54
121584  121591  0.00    14.59
121584  121500  14.50   43.42
121591  120936  9.00    87.46
121591  121602  6.17    64.84
121593  122064  0.00    82.67
121593  121564  0.00    14.40
121602  121616  9.13    94.68
121602  121044  3.00    75.31
121606  122334  11.50   114.44
121616  121634  5.81    74.25
121616  122027  5.17    67.35
121632  121584  0.00    36.08
121634  121074  5.42    79.60
121634  121662  7.82    129.54
121658  122185  0.00    92.54
121658  121680  0.00    42.63
121662  121685  9.09    111.64
121662  122142  5.57    77.07
121666  122084  6.16    69.65
121668  121532  0.00    31.31
121668  121632  0.00    9.72
121676  121593  5.84    51.39
121676  122176  0.00    85.45
121680  121676  0.00    6.72
121685  121698  7.07    74.13
121685  122162  4.25    76.49
121698  122159  5.28    73.60
121704  122191  6.50    79.95
121719  121728  2.50    74.70
121719  121388  1.80    47.61
121728  121754  6.14    111.34
121728  121179  7.75    78.46
121750  122299  0.00    86.36
121794  122702  5.00    137.10
121794  121851  0.00    43.05
121794  121666  2.00    81.18
121821  121532  9.80    45.98
121821  121668  0.00    27.09
121852  121341  11.50   80.30
121971  122354  0.00    72.92
121976  121431  0.00    84.27
121988  121076  0.00    136.60
121988  121217  0.00    116.89
121992  122270  5.75    113.03
121992  122299  0.00    117.01
122015  122027  6.45    112.28
122027  122553  8.42    77.40
122084  122408  6.41    49.54
122084  121976  14.33   69.37
122095  122749  0.00    90.59
122108  121719  1.43    64.61
122117  121634  7.83    79.42
122120  121976  10.00   22.20
122121  122791  20.00   95.76
122142  122117  1.00    145.14
122142  122675  10.00   73.37
122159  122352  3.17    29.45
122159  122330  0.00    31.98
122162  122142  8.96    111.97
122162  122696  9.86    73.14
122163  122308  0.00    119.20
122163  121852  7.25    77.48
122168  121374  0.00    136.02
122179  122163  0.00    11.48
122191  122749  6.21    77.81
122203  122235  10.50   110.70
122203  121728  6.33    75.43
122212  121632  8.75    93.56
122270  122538  0.00    63.76
122270  122168  0.00    127.82
122277  122408  1.40    73.23
122299  122464  0.00    25.18
122301  122308  0.00    115.07
122306  122108  2.00    32.60
122307  122108  20.00   28.49
122307  122306  3.00    20.38
122308  122592  8.18    78.32
122330  122352  10.00   27.11
122330  122769  5.77    78.73
122334  123149  4.83    114.17
122352  122486  4.29    32.71
122354  122191  0.00    135.90
122354  122697  8.00    85.43
122397  122179  0.00    130.20
122408  122545  6.75    19.02
122462  122464  3.00    117.64
122464  123006  0.00    76.41
122486  123255  3.97    104.87
122486  122490  7.05    13.35
122487  122301  18.50   115.38
122490  122307  5.52    43.61
122545  122751  3.13    27.80
122545  122702  11.20   81.05
122553  123000  3.00    64.78
122553  122015  8.55    139.26
122592  123149  0.00    82.63
122619  121821  10.44   116.40
122637  122776  0.00    45.87
122637  122306  3.00    58.67
122639  121988  0.00    93.05
122639  122397  0.00    130.20
122646  122117  3.00    74.36
122658  122646  6.50    57.47
122658  123168  3.00    71.99
122666  122658  11.50   47.66
122666  123184  2.33    72.42
122675  123204  8.45    72.96
122675  122666  9.13    54.31
122677  122639  0.00    6.64
122696  122675  7.31    112.28
122696  122769  10.33   13.23
122697  122840  3.00    84.05
122702  122912  3.00    33.12
122709  122637  0.00    15.21
122709  122203  0.00    70.13
122749  122823  0.00    11.97
122751  122642  7.25    69.08
122751  123263  7.29    73.25
122755  122709  0.00    7.42
122755  122756  3.45    18.64
122756  122772  3.00    94.61
122769  123153  8.10    73.14
122769  122991  1.00    42.41
122772  122793  6.92    91.96
122772  122235  10.33   73.42
122780  122212  9.00    91.66
122791  123395  0.00    81.36
122791  122639  0.00    98.49
122793  123417  7.44    82.77
122823  123444  12.70   80.74
122823  122791  0.00    20.88
122837  122756  0.00    14.99
122837  122755  7.90    17.69
122840  123093  3.00    141.87
122861  122487  0.00    116.93
122912  123079  7.25    67.92
122912  123373  24.33   61.05
122991  123255  7.23    83.95
122991  123752  8.61    98.61
123000  122780  8.67    106.54
123040  123000  0.00    12.04
123047  122709  9.00    57.16
123059  122823  7.25    138.34
123073  123318  0.00    31.92
123073  122837  1.67    41.57
123093  123356  8.00    141.87
123149  124211  8.82    149.18
123151  123040  1.00    60.62
123151  122646  4.09    75.07
123153  123856  4.93    115.96
123168  123151  6.50    72.62
123184  123168  5.33    47.43
123186  123184  5.50    11.23
123186  123663  5.67    80.81
123204  123186  10.00   43.15
123204  123856  8.56    83.14
123253  123318  6.50    23.53
123253  123073  6.67    31.00
123255  123256  0.00    13.66
123255  123909  6.46    82.76
123256  123047  6.00    81.84
123256  122490  4.67    104.79
123263  123370  0.00    12.61
123263  122935  20.00   98.72
123305  123059  0.00    138.34
123318  123947  20.00   81.86
123356  123370  0.00    6.86
123356  123263  10.00   11.02
123370  123413  0.00    22.82
123370  123555  6.75    22.72
123395  124010  0.00    81.51
123413  123588  9.13    82.05
123417  124032  3.90    82.77
123444  124026  2.00    80.84
123479  122619  6.67    116.02
123479  124318  0.00    129.98
123520  123040  0.00    59.15
123555  123643  0.00    97.06
123555  123723  2.55    26.48
123566  123356  0.00    26.16
123566  123555  10.50   20.72
123578  123305  0.00    138.34
123588  123642  5.50    31.81
123590  123694  0.00    47.68
123643  123588  3.00    6.96
123643  123642  10.75   30.50
123663  124108  7.88    80.81
123665  123566  0.00    15.75
123694  124179  0.00    76.01
123723  123665  0.00    18.38
123723  123823  1.00    18.84
123737  122772  5.60    128.98
123737  123253  12.38   78.62
123752  124494  2.83    98.61
123758  122677  0.00    148.03
123758  122861  0.00    123.81
123802  123047  7.74    98.23
123804  123665  7.63    19.45
123804  123578  11.50   138.34
123819  124155  3.61    70.84
123823  123895  0.00    13.61
123823  123804  0.00    7.50
123847  123153  8.18    86.25
123856  124654  10.08   109.08
123856  124540  8.32    123.34
123889  123823  1.67    36.31
123895  123804  8.20    11.26
123902  123151  6.30    97.18
123909  124509  6.59    82.76
123912  123256  11.50   82.91
123947  124556  1.00    81.86
124010  124987  0.00    133.76
124010  125079  5.02    146.33
124026  124296  0.00    51.94
124026  124467  6.00    58.46
124032  124520  9.22    65.38
124034  124032  0.00    3.45
124044  124034  0.00    15.87
124046  123101  5.43    124.46
124046  124044  0.00    5.43
124052  123723  12.80   134.47
124052  123889  9.85    105.80
124064  123643  0.00    68.47
124071  123590  3.00    78.47
124108  124540  20.00   87.34
124108  124602  0.00    96.50
124155  124046  3.31    33.32
124179  124679  16.67   76.07
124211  125184  10.48   148.69
124296  124588  0.00    59.21
124296  124467  0.00    49.58
124318  125165  0.00    130.17
124418  123479  14.80   141.61
124467  125259  6.98    111.49
124473  123847  9.00    86.25
124473  124494  8.60    73.77
124494  125439  9.20    134.85
124494  124509  10.00   73.36
124509  125451  7.14    134.59
124511  124509  0.00    16.70
124511  123912  1.00    82.91
124520  123737  7.26    139.96
124520  125218  7.25    97.68
124536  124511  8.33    73.21
124536  123802  11.50   98.23
124540  124975  11.33   79.50
124540  125389  9.55    122.22
124556  125491  1.00    134.82
124556  124536  4.75    74.40
124577  123737  5.61    111.75
124577  124556  2.00    73.61
124578  124071  5.33    78.59
124578  124679  15.75   29.56
124580  124520  4.56    8.78
124588  124911  0.00    102.53
124599  123895  7.82    98.44
124599  124713  9.20    60.79
124602  123902  17.18   97.18
124654  125403  10.22   109.08
124660  124155  11.13   87.55
124679  124712  11.06   11.17
124691  124580  0.00    19.47
124713  124887  8.80    82.16
124764  124046  5.91    95.03
124764  124691  0.00    11.64
124785  124712  10.96   20.41
124887  124997  23.50   82.08
124893  123821  6.00    146.44
124893  124785  9.27    87.89
124897  123758  11.50   150.09
124911  125053  6.50    101.21
124923  124764  9.83    27.82
124961  124893  8.31    46.63
124961  124599  9.05    49.90
124975  125372  8.50    79.48
124976  124923  0.00    25.20
124976  124764  0.00    30.52
124987  125861  8.67    133.38
125053  124578  15.57   105.21
125065  125175  4.17    65.86
125079  126068  0.00    145.95
125147  124660  0.00    87.55
125165  125911  0.00    129.65
125175  124961  6.00    32.55
125184  126110  11.36   148.82
125218  125255  0.00    5.90
125218  125351  0.00    21.19
125238  124976  0.00    38.45
125255  125261  0.00    15.24
125256  124602  11.00   95.03
125259  126000  6.14    111.30
125261  125238  0.00    6.93
125310  125351  0.00    8.16
125318  125310  0.00    15.17
125338  124418  3.00    141.74
125346  125318  0.00    6.30
125346  125238  0.00    17.71
125351  125527  6.33    26.52
125372  125395  0.00    6.28
125389  125372  3.00    104.60
125389  125979  7.25    85.32
125395  125874  11.29   98.40
125403  126315  8.10    132.53
125403  125389  7.00    74.01
125409  125589  11.50   91.79
125415  124713  10.25   105.80
125422  124473  9.80    135.14
125422  125403  3.00    73.59
125439  125422  3.00    74.11
125439  125826  3.00    56.38
125451  126231  9.68    113.98
125451  125439  8.44    75.46
125452  125451  0.00    14.95
125452  124511  3.88    134.49
125455  125501  7.91    96.41
125455  125147  4.17    74.43
125455  124923  8.10    108.54
125467  125845  0.00    58.46
125467  125409  10.00   34.23
125474  125452  6.50    73.63
125474  124536  8.35    134.76
125491  125474  3.00    74.00
125501  125346  13.33   23.22
125507  124577  6.04    135.23
125507  125491  6.71    72.40
125524  125467  1.67    36.26
125524  125175  7.03    56.50
125527  126296  8.67    110.29
125527  125507  10.92   93.91
125546  125201  0.00    54.66
125546  125415  3.00    83.53
125589  126253  0.00    96.27
125643  125546  3.00    53.57
125785  125845  0.00    32.92
125785  125409  1.00    56.38
125826  126231  6.44    99.63
125826  126081  8.45    78.57
125861  126762  67.00   132.96
125874  125256  9.50    95.06
125880  124897  0.00    149.85
125911  125874  0.00    5.11
125922  125455  7.05    88.38
125928  125507  6.00    83.25
125947  125911  3.00    5.92
125979  126567  0.00    85.02
125994  125395  0.00    89.07
126000  126762  3.00    111.14
126049  126215  7.25    30.49
126049  125911  11.50   17.59
126060  125474  8.63    83.95
126060  126357  6.75    63.36
126068  127006  3.00    144.99
126070  126419  9.13    74.35
126081  125422  10.00   94.56
126081  126315  5.83    75.94
126089  125524  6.00    79.58
126089  126193  8.60    79.69
126110  127048  9.44    148.90
126131  125415  8.62    105.40
126131  126473  0.00    72.90
126159  126900  0.00    139.76
126193  126253  11.00   43.17
126193  125785  0.00    59.65
126215  127062  7.00    133.82
126225  126049  8.13    29.75
126225  126215  0.00    21.73
126231  126884  7.33    91.16
126231  126234  0.00    14.04
126234  126060  3.00    71.71
126234  125452  13.83   113.82
126253  126878  0.00    95.01
126266  127023  0.00    143.29
126267  125338  12.70   142.58
126296  127160  6.17    126.45
126296  126367  11.50   81.71
126297  125501  5.33    114.63
126315  127051  0.00    127.14
126315  126567  16.67   76.65
126357  126770  1.00    86.49
126357  125928  1.86    83.26
126367  126770  1.82    84.46
126375  125947  8.50    76.73
126380  126297  10.25   83.15
126419  126828  8.23    97.49
126419  125922  7.31    88.38
126473  126560  0.00    19.33
126473  125748  0.00    138.14
126484  126131  5.33    69.10
126484  126089  5.52    54.46
126527  126904  7.48    75.17
126560  126724  5.50    32.22
126567  126599  0.00    84.82
126567  127186  3.00    108.96
126599  125994  6.64    89.07
126599  126375  0.00    74.23
126650  126081  0.00    99.34
126724  126202  5.50    86.42
126724  126790  25.50   13.88
126762  127392  10.00   112.94
126770  127368  1.00    132.50
126790  127030  3.00    47.06
126828  126380  3.00    86.78
126828  127422  7.73    137.36
126884  127341  3.00    71.45
126884  126650  9.00    95.02
126885  126234  11.43   91.03
126885  126884  7.11    15.33
126900  127592  0.00    139.76
126904  127578  6.50    131.63
126904  126419  7.75    93.41
126906  126357  10.00   103.06
126906  126885  7.67    46.90
126917  125880  11.50   149.77
127006  127811  15.00   142.88
127023  127731  8.63    143.29
127048  127526  8.67    78.68
127048  127205  0.00    130.85
127051  127370  5.63    122.27
127052  126790  0.00    60.24
127062  127494  11.00   76.02
127092  126351  0.00    143.67
127141  126297  5.50    123.61
127141  127422  9.80    55.78
127160  127633  6.40    68.83
127186  127662  10.00   106.39
127205  126267  8.93    142.81
127218  126225  6.43    149.79
127218  127062  12.71   123.93
127252  126560  0.00    118.89
127252  127030  0.00    87.22
127292  126828  6.54    93.62
127328  126977  20.00   73.81
127341  128136  9.22    108.26
127341  127354  10.00   15.08
127354  127659  12.54   119.33
127354  126885  10.20   72.81
127368  127669  0.00    58.46
127368  127395  9.00    4.83
127370  127341  6.50    26.44
127380  126484  4.16    139.56
127380  127443  3.00    10.18
127383  127205  0.00    26.72
127392  127909  4.67    110.40
127395  127160  1.67    51.30
127395  127633  13.25   48.73
127422  127495  16.79   47.05
127443  127627  9.23    30.76
127443  127252  13.19   75.13
127457  127380  7.33    10.68
127457  127443  0.00    4.96
127471  126906  6.56    141.63
127494  127603  2.33    74.25
127494  128088  7.25    92.13
127495  127141  0.00    52.06
127519  127054  0.00    105.02
127526  128092  8.21    79.14
127547  127457  0.00    13.72
127578  128400  1.00    132.37
127592  128400  0.00    139.76
127603  127755  13.20   106.76
127627  127969  9.24    79.08
127633  127808  7.00    27.13
127636  127054  0.00    118.04
127643  128092  0.00    79.64
127649  126917  0.00    118.29
127659  128336  6.88    122.88
127662  127370  8.00    118.18
127665  127627  0.00    8.88
127665  127547  0.00    18.95
127676  127252  14.15   87.03
127683  126917  0.00    118.85
127731  128599  0.00    143.29
127755  127218  23.33   81.98
127766  127547  1.50    33.21
127766  127665  9.69    21.61
127808  128527  3.00    89.78
127808  128203  3.00    75.86
127811  128631  10.50   140.50
127816  127092  3.00    143.70
127824  128079  7.56    120.21
127824  127328  9.13    94.82
127845  127495  6.75    51.24
127845  128248  5.43    94.08
127851  127942  0.00    13.97
127855  127665  8.94    38.06
127855  127851  0.00    39.22
127909  128478  8.67    110.10
127916  127328  9.00    109.54
127916  128079  1.00    29.85
127942  127947  6.50    7.63
127942  128284  13.82   41.86
127947  128223  19.75   113.87
127947  127766  0.00    27.28
127969  128152  7.47    77.32
128079  128416  9.71    86.31
128084  127519  0.00    105.41
128086  127383  0.00    99.79
128086  127643  0.00    80.10
128088  128741  7.00    92.13
128092  128704  3.00    75.72
128095  127947  0.00    17.76
128113  127603  8.63    76.07
128113  128253  0.00    76.26
128117  128136  9.40    80.75
128127  127824  0.00    51.48
128136  129256  4.50    138.58
128136  128137  11.43   16.15
128137  127354  8.25    106.80
128137  128192  10.00   84.27
128175  127383  6.40    109.69
128180  127662  10.57   93.24
128192  128661  10.68   79.26
128192  129285  8.50    135.27
128203  129265  6.33    142.38
128203  127471  7.53    142.59
128223  128478  13.40   113.91
128253  128394  12.38   76.26
128262  127855  7.72    128.86
128284  128512  2.67    60.01
128284  128787  0.00    63.88
128309  127636  0.00    118.04
128336  129334  10.10   127.23
128394  127755  0.00    82.76
128400  129266  0.00    142.71
128426  127649  9.57    117.41
128478  129039  11.29   111.59
128512  128787  3.00    72.36
128527  129265  3.00    89.78
128565  127845  3.00    89.58
128574  128127  15.75   74.60
128574  128621  0.00    6.90
128597  128127  6.40    110.23
128599  129497  0.00    143.36
128601  127683  0.00    118.91
128621  129055  11.50   112.56
128631  129214  1.00    137.95
128647  128175  10.00   80.42
128647  128086  16.81   70.41
128661  129308  10.08   81.87
128672  128113  1.00    77.41
128672  128854  7.40    113.38
128695  128084  0.00    105.21
128695  127816  0.00    143.72
128704  129324  20.00   75.75
128741  128672  8.67    88.84
128741  129570  7.80    110.41
128749  128180  20.00   93.73
128749  128741  0.00    16.39
128779  128175  20.11   120.45
128787  128922  0.00    18.21
128854  129021  0.00    29.80
128854  128394  9.20    93.66
128886  128117  7.08    126.11
128886  128749  7.00    99.10
128922  128095  2.00    104.23
128970  128922  0.00    7.71
129000  128309  0.00    118.04
129012  128597  11.65   110.13
129017  128095  3.00    121.00
129039  129477  3.00    109.52
129042  129143  15.75   81.80
129042  128512  4.67    126.48
129048  129017  0.00    14.51
129048  128970  9.80    10.03
129055  129572  8.20    112.52
129143  129048  11.00   81.86
129198  129231  0.00    75.32
129198  128886  0.00    39.74
129214  129629  0.00    136.20
129231  128117  8.60    138.39
129231  129256  7.75    82.98
129256  130078  9.88    89.93
129256  129261  3.00    14.30
129261  129285  9.88    81.69
129261  128137  2.11    139.03
129265  129475  3.00    24.10
129266  129463  0.00    28.79
129285  130104  10.00   89.57
129285  129308  4.35    76.66
129298  129464  0.00    78.25
129303  128565  12.33   89.55
129308  129334  8.86    74.66
129308  130138  10.00   91.37
129320  128574  8.67    117.48
129324  129654  0.00    38.80
129334  130300  9.09    127.00
129342  128749  0.00    79.34
129415  128672  16.57   101.66
129459  128621  8.43    110.22
129463  129618  0.00    24.94
129463  129303  0.00    18.40
129464  129606  0.00    78.24
129475  129618  7.25    19.36
129477  129496  0.00    14.09
129477  129017  10.93   49.11
129496  129048  0.00    48.75
129496  129645  5.13    105.44
129497  129655  0.00    27.14
129563  130114  20.00   100.41
129563  128854  10.13   136.35
129570  130400  12.60   110.41
129602  128695  0.00    146.52
129606  128779  20.00   122.83
129618  129818  0.00    23.07
129618  129806  0.00    26.76
129625  130270  0.00    101.11
129625  128647  7.28    119.32
129629  129642  0.00    7.51
129642  129496  0.00    18.13
129642  129829  10.00   139.87
129645  129535  6.65    76.83
129645  129799  0.00    86.78
129655  129463  0.00    24.48
129655  129818  0.00    22.01
129673  129625  0.00    6.54
129789  129320  0.00    63.09
129801  129000  0.00    118.11
129802  129602  0.00    27.95
129802  129655  0.00    15.38
129806  130595  0.00    132.81
129818  129963  0.00    14.81
129818  130034  0.00    28.93
129829  130005  11.50   139.79
129925  129984  0.00    20.16
129925  129198  7.75    78.54
129942  129320  0.00    85.16
129963  130130  0.00    21.16
129963  129802  0.00    20.55
129981  129459  7.80    105.20
129984  129342  0.00    79.34
130018  129802  0.00    22.36
130018  129801  0.00    28.85
130034  130878  0.00    150.72
130043  129673  0.00    36.97
130063  129231  6.38    89.78
130078  130751  7.75    89.93
130080  129261  3.00    89.85
130104  130770  7.00    89.57
130114  130245  0.00    97.51
130130  130261  13.63   19.51
130130  130018  0.00    18.38
130138  130786  8.44    90.85
130154  129963  0.00    29.01
130212  129415  3.00    101.66
130212  129563  8.67    120.56
130214  130018  0.00    27.11
130249  129984  15.00   37.93
130249  129925  10.00   39.33
130261  130423  3.00    24.11
130270  131019  0.00    104.64
130295  130130  0.00    29.31
130299  130535  10.00   69.49
130299  129942  11.50   82.61
130344  129606  100.00  87.46
130355  130214  11.50   21.28
130400  130714  10.00   43.59
130400  131207  10.39   120.33
130423  130748  6.40    50.45
130423  130355  9.22    15.18
130482  130668  0.00    25.90
130482  130344  0.00    68.91
130491  130542  0.00    26.13
130520  130344  0.00    25.30
130520  131003  0.00    88.92
130535  129789  10.36   131.87
130542  130588  0.00    26.45
130569  129642  0.00    114.83
130588  130853  0.00    32.84
130588  130655  0.00    27.66
130595  131312  0.00    132.76
130714  130212  9.80    107.05
130737  130063  6.88    89.78
130748  131143  1.00    64.53
130748  130886  7.00    37.72
130751  131476  10.00   102.89
130751  130737  8.25    83.73
130754  130751  0.00    14.23
130754  130080  2.00    89.85
130770  131464  10.00   99.43
130770  130754  7.67    82.04
130786  130770  10.75   66.39
130792  130714  2.00    15.95
130853  130655  0.00    48.25
130866  130542  0.00    40.87
130866  130853  0.00    25.60
130877  130423  2.67    96.52
130878  131632  0.00    150.45
130886  130535  9.21    101.26
130886  130355  20.00   82.80
130892  130491  0.00    57.62
130892  130866  0.00    30.12
130923  130295  0.00    114.10
130968  130154  0.00    150.17
130985  131009  0.00    18.35
130985  130737  8.25    35.09
131003  131201  0.00    26.95
131003  130892  0.00    72.36
131009  130249  0.00    115.01
131019  131719  0.00    104.98
131086  130886  3.00    37.25
131086  131143  0.00    20.79
131143  131273  0.00    25.41
131160  131439  5.33    59.60
131202  130535  9.13    131.11
131207  131897  6.63    120.33
131236  131009  0.00    33.95
131236  130985  0.00    33.14
131241  131086  1.00    27.09
131273  131382  0.00    24.69
131273  131688  0.00    63.23
131312  131949  7.81    132.46
131334  130792  9.00    79.41
131375  130569  8.54    114.83
131382  131241  20.00   25.72
131382  131486  11.50   17.51
131388  130520  0.00    128.69
131439  132076  7.40    95.84
131476  131984  5.44    101.38
131505  130877  3.30    146.35
131505  130923  0.00    114.10
131542  131241  5.15    65.07
131632  132322  0.00    150.03
131655  130754  16.00   129.50
131664  132037  3.00    96.62
131688  131382  3.00    46.39
131688  132035  6.14    56.15
131718  130968  3.00    149.97
131789  131439  0.00    75.72
131843  131505  3.00    71.01
131876  131334  10.00   79.44
131876  131848  5.90    123.62
131897  131876  10.50   113.37
131897  131655  5.42    125.96
131949  132437  5.50    115.12
131949  132236  5.33    85.81
131984  131897  15.00   25.71
131984  131236  9.00    127.90
132008  131664  2.00    52.36
132035  131789  7.80    74.82
132037  132709  8.09    101.11
132076  132212  1.00    29.21
132076  132290  13.33   32.42
132187  132217  9.00    134.44
132190  131843  0.00    76.44
132212  132513  6.00    93.73
132217  131388  0.00    129.10
132217  132475  5.50    92.97
132229  132187  19.62   134.54
132229  133048  8.47    119.74
132236  132426  18.86   84.90
132258  131843  0.00    79.53
132290  132212  7.67    24.15
132322  132978  0.00    148.91
132349  132229  1.00    75.50
132400  131718  0.00    149.43
132404  131876  11.00   82.12
132404  132349  7.86    75.26
132404  133058  12.60   108.87
132426  132950  11.00   97.38
132426  132404  14.33   80.02
132437  132950  2.33    114.61
132475  132733  1.00    92.77
132502  132008  12.00   115.00
132502  132290  7.67    34.06
132526  132008  3.00    81.78
132537  132258  0.00    77.38
132537  132190  0.00    76.44
132584  132809  5.40    75.98
132650  133195  3.00    79.27
132709  132809  3.00    11.83
132809  133212  10.00   94.45
132809  133629  3.00    121.45
132950  133468  14.33   122.09
132978  133611  0.00    148.55
133018  132537  0.00    104.92
133018  132584  10.30   147.78
133048  133898  6.25    119.75
133062  132400  5.87    148.55
133099  132526  5.57    81.78
133099  132709  4.67    93.05
133151  133848  2.20    98.86
133151  133531  1.00    101.09
133168  133151  6.35    21.55
133195  133682  15.00   78.40
133212  133716  2.60    96.75
133212  133099  8.67    13.82
133387  132502  8.00    125.73
133387  133514  0.00    18.06
133468  133980  7.00    121.93
133514  133550  0.00    23.77
133531  133914  9.83    92.89
133550  133099  5.13    85.72
133611  134218  0.00    148.49
133629  133682  1.00    19.47
133629  133894  0.00    36.11
133640  133018  16.18   145.95
133672  133550  3.00    26.66
133682  133894  0.00    33.98
133688  133387  1.00    42.83
133699  133062  0.00    147.86
133839  133168  18.50   107.30
133848  134517  5.43    98.86
133854  133168  2.33    98.13
133893  133212  10.00   97.39
133894  134549  3.00    109.61
133914  134499  22.80   84.91
133980  134371  0.00    110.53
133980  134453  3.00    110.21
134218  134820  0.00    148.42
134239  133640  0.00    145.95
134303  133699  0.00    147.85
134371  134751  0.00    110.83
134453  134876  0.00    110.18
134498  135050  7.58    140.91
134498  135095  2.88    98.31
134499  134498  5.33    105.36
134499  135120  3.00    99.01
134508  133531  9.00    141.88
134508  134499  3.00    73.30
134517  135205  11.50   107.47
134517  134508  4.00    79.46
134522  134517  0.00    17.44
134522  133854  7.45    98.27
134537  134522  9.00    81.56
134537  133839  0.00    108.86
134549  134537  5.50    127.59
134557  133893  0.00    97.39
134650  134239  0.00    98.57
134751  135048  0.00    109.81
134820  135418  0.00    148.54
134876  135313  20.00   110.16
134891  134303  0.00    147.83
135045  134650  0.00    98.57
135048  135064  0.00    47.31
135050  135629  3.00    140.85
135095  135951  5.30    128.97
135095  135801  5.40    124.91
135120  135801  10.00   99.01
135205  136156  1.67    139.66
135209  135205  0.00    17.07
135209  134522  7.25    107.25
135313  135458  0.00    36.35
135400  135045  0.00    78.33
135418  135559  0.00    35.13
135446  134508  0.00    143.98
135469  134537  0.00    143.59
135489  134891  7.97    148.03
135612  135045  0.00    145.21
135629  136473  0.00    144.87
135636  135489  0.00    36.09
135740  135400  0.00    77.93
135797  135612  0.00    45.14
135801  136442  0.00    115.45
135895  135740  0.00    43.75
135951  136500  7.80    75.92
136151  135209  10.00   138.69
136370  135951  7.25    70.10
136442  135446  0.00    143.97
136473  137345  0.00    145.99
115390  115460  0.00    48.65
115390  115922  0.00    84.35
115460  115057  0.00    77.49
115616  115460  0.00    54.13
115668  115616  0.00    26.96
115772  116118  4.20    63.42
115830  115616  0.00    29.82
115872  115830  0.00    30.88
115922  116526  0.00    98.31
116011  115830  0.00    34.01
116011  115922  0.00    60.64
116188  116011  0.00    55.44
116406  116431  10.00   100.39
117982  118730  8.00    116.90
118143  118467  10.00   62.91
118151  117609  9.00    83.80
118467  118877  3.00    84.83
118467  118151  7.80    94.05
118565  118971  5.90    68.61
118686  118467  10.00   63.18
118730  118268  10.00   86.30
118730  118894  3.00    28.52
118829  119409  8.67    89.80
118865  118686  9.60    61.57
118865  119289  12.71   86.21
118877  119290  5.33    87.85
118877  118151  11.12   115.12
118888  119310  10.25   65.55
118894  119290  9.00    63.69
118894  119136  10.00   82.16
118971  119253  11.00   42.74
118971  118865  13.67   37.81
119042  119289  3.00    58.32
119042  118686  3.00    74.84
119136  118829  10.56   73.03
119253  119522  3.00    35.37
119253  119788  11.73   96.35
119289  119506  12.78   36.93
119290  119808  3.00    89.70
119290  119911  8.39    88.73
119310  118971  6.80    104.61
119310  119865  6.40    76.83
119408  119042  3.00    70.68
119408  118877  15.00   81.48
119409  120039  15.00   89.80
119506  119914  10.88   78.13
119522  120005  0.00    68.78
119522  119865  15.00   97.11
119641  119514  14.00   77.53
119641  118714  12.71   139.57
119788  119506  0.00    60.33
119788  120040  0.00    48.70
119808  119858  0.00    10.23
119808  119136  6.91    97.91
119821  120240  0.00    119.91
119858  120009  6.50    29.95
119865  120300  6.00    63.91
119886  120305  0.00    106.50
119911  120509  4.44    88.73
119914  119408  10.50   73.88
120005  120300  12.71   89.15
120005  121044  5.20    144.18
120009  120363  9.40    68.79
120039  120084  0.00    18.71
120039  120271  0.00    33.72
120040  120460  1.67    76.53
120055  120009  0.00    24.32
120055  119858  10.00   29.57
120084  119641  11.50   87.98
120122  120381  5.00    88.81
120240  120166  20.00   73.07
120271  120084  10.00   32.69
120280  120506  6.62    82.44
120300  120936  8.50    87.46
120305  120122  0.00    85.59
120305  120628  4.88    53.43
120363  120542  11.00   32.03
120363  120271  20.00   14.61
120381  120240  0.00    86.81
120448  120276  7.39    79.58
120448  119641  10.48   116.03
120460  119914  13.38   79.18
120509  120538  7.67    98.49
120509  121074  5.86    74.56
120537  121451  0.00    119.82
120538  120542  6.33    87.77
120538  120055  5.57    69.76
120539  120040  10.00   74.46
120539  120005  0.00    106.20
120542  120784  10.80   38.57
120551  120381  16.67   78.59
120570  121368  0.00    102.71
120628  120551  9.86    39.42
120715  121334  0.00    93.57
120720  120551  19.00   21.68
120784  120448  7.00    56.93
120784  121253  5.89    84.22
120787  121272  4.40    84.40
120795  120720  0.00    22.46
120936  121591  9.00    87.46
121044  121602  3.00    75.31
121046  120539  6.50    67.42
121046  121044  3.00    49.12
121049  120460  7.33    80.56
121049  121046  3.00    66.45
121061  120795  0.00    104.74
121074  121634  5.42    79.60
121074  121097  10.00   113.90
121097  121124  8.00    111.34
121097  120538  10.29   71.66
121124  120784  9.00    44.79
121179  121728  7.75    78.46
121248  120795  0.00    88.35
121258  121509  7.06    98.89
121265  120937  2.33    43.29
121334  121451  0.00    90.57
121368  121251  0.00    60.98
121368  121509  0.00    21.32
121374  122168  0.00    136.02
121410  120720  6.50    95.25
121431  121976  0.00    84.27
121451  121368  0.00    53.89
121509  121564  1.00    35.58
121527  121115  4.95    75.72
121564  121593  0.00    14.40
121591  121584  0.00    14.59
121593  121676  5.84    51.39
121602  121591  6.17    64.84
121616  121049  7.83    79.79
121616  121602  9.13    94.68
121632  122212  8.75    93.56
121634  121616  5.81    74.25
121634  122117  7.83    79.42
121658  121322  0.00    88.15
121658  121265  0.00    59.24
121662  121634  7.82    129.54
121662  121097  10.77   78.10
121666  121527  4.89    21.70
121676  121680  0.00    6.72
121680  121658  0.00    42.63
121680  121265  25.50   67.59
121685  121124  9.00    78.16
121685  121662  9.09    111.64
121698  121685  7.07    74.13
121728  121719  2.50    74.70
121728  122203  6.33    75.43
121750  121061  0.00    109.88
121750  121248  0.00    89.77
121754  121728  6.14    111.34
121851  121794  0.00    43.05
121976  122084  14.33   69.37
121976  122120  10.00   22.20
121992  121410  3.80    95.16
122012  121564  0.00    79.54
122015  122553  8.55    139.26
122027  121616  5.17    67.35
122027  122015  6.45    112.28
122064  121593  0.00    82.67
122084  121666  6.16    69.65
122117  122142  1.00    145.14
122117  122646  3.00    74.36
122142  121662  5.57    77.07
122142  122162  8.96    111.97
122162  121685  4.25    76.49
122168  122270  0.00    127.82
122176  121676  0.00    85.45
122185  121658  0.00    92.54
122203  122709  0.00    70.13
122212  122780  9.00    91.66
122235  122772  10.33   73.42
122235  122203  10.50   110.70
122270  121992  5.75    113.03
122299  121750  0.00    86.36
122299  121992  0.00    117.01
122306  122637  3.00    58.67
122408  122084  6.41    49.54
122408  122277  1.40    73.23
122464  122299  0.00    25.18
122464  122462  3.00    117.64
122538  122270  0.00    63.76
122545  122408  6.75    19.02
122553  122027  8.42    77.40
122637  122709  0.00    15.21
122642  122751  7.25    69.08
122646  122658  6.50    57.47
122646  123151  4.09    75.07
122658  122666  11.50   47.66
122666  122675  9.13    54.31
122675  122696  7.31    112.28
122675  122142  10.00   73.37
122696  122162  9.86    73.14
122697  122354  8.00    85.43
122702  122545  11.20   81.05
122702  121794  5.00    137.10
122709  122755  0.00    7.42
122709  123047  9.00    57.16
122751  122545  3.13    27.80
122755  122837  7.90    17.69
122756  122755  3.45    18.64
122756  122837  0.00    14.99
122769  122696  10.33   13.23
122769  122330  5.77    78.73
122772  123737  5.60    128.98
122772  122756  3.00    94.61
122776  122637  0.00    45.87
122780  123000  8.67    106.54
122793  122772  6.92    91.96
122837  123073  1.67    41.57
122840  122697  3.00    84.05
122912  122702  3.00    33.12
122935  123263  20.00   98.72
122991  122769  1.00    42.41
123000  123040  0.00    12.04
123000  122553  3.00    64.78
123006  122464  0.00    76.41
123040  123151  1.00    60.62
123040  123520  0.00    59.15
123047  123802  7.74    98.23
123047  123256  6.00    81.84
123073  123253  6.67    31.00
123079  122912  7.25    67.92
123093  122840  3.00    141.87
123101  124046  5.43    124.46
123151  123168  6.50    72.62
123151  123902  6.30    97.18
123153  122769  8.10    73.14
123153  123847  8.18    86.25
123168  122658  3.00    71.99
123168  123184  5.33    47.43
123184  122666  2.33    72.42
123184  123186  5.50    11.23
123186  123204  10.00   43.15
123204  122675  8.45    72.96
123253  123737  12.38   78.62
123255  122991  7.23    83.95
123256  123255  0.00    13.66
123263  122751  7.29    73.25
123318  123253  6.50    23.53
123318  123073  0.00    31.92
123356  123093  8.00    141.87
123370  123356  0.00    6.86
123373  122912  24.33   61.05
123413  123370  0.00    22.82
123417  122793  7.44    82.77
123588  123413  9.13    82.05
123590  124071  3.00    78.47
123663  123186  5.67    80.81
123694  123590  0.00    47.68
123737  124577  5.61    111.75
123737  124520  7.26    139.96
123752  122991  8.61    98.61
123802  124536  11.50   98.23
123821  124893  6.00    146.44
123847  124473  9.00    86.25
123856  123204  8.56    83.14
123856  123153  4.93    115.96
123895  124599  7.82    98.44
123902  124602  17.18   97.18
123947  123318  20.00   81.86
124032  123417  3.90    82.77
124046  124155  3.31    33.32
124071  124578  5.33    78.59
124108  123663  7.88    80.81
124155  123819  3.61    70.84
124155  124660  11.13   87.55
124179  123694  0.00    76.01
124318  123479  0.00    129.98
124473  125422  9.80    135.14
124494  124473  8.60    73.77
124494  123752  2.83    98.61
124509  124494  10.00   73.36
124509  124511  0.00    16.70
124511  124536  8.33    73.21
124520  124580  4.56    8.78
124536  125474  8.35    134.76
124536  124556  4.75    74.40
124540  123856  8.32    123.34
124540  124108  20.00   87.34
124556  123947  1.00    81.86
124556  124577  2.00    73.61
124577  125507  6.04    135.23
124578  125053  15.57   105.21
124580  124691  0.00    19.47
124588  124296  0.00    59.21
124599  124961  9.05    49.90
124602  124108  0.00    96.50
124602  125256  11.00   95.03
124654  123856  10.08   109.08
124660  125147  0.00    87.55
124679  124179  16.67   76.07
124679  124578  15.75   29.56
124691  124764  0.00    11.64
124712  124785  10.96   20.41
124712  124679  11.06   11.17
124713  125415  10.25   105.80
124713  124599  9.20    60.79
124764  124923  9.83    27.82
124785  124893  9.27    87.89
124887  124713  8.80    82.16
124893  124961  8.31    46.63
124911  124588  0.00    102.53
124923  125455  8.10    108.54
124961  125175  6.00    32.55
124975  124540  11.33   79.50
124997  124887  23.50   82.08
125053  124911  6.50    101.21
125165  124318  0.00    130.17
125175  125524  7.03    56.50
125175  125065  4.17    65.86
125201  125546  0.00    54.66
125256  125874  9.50    95.06
125372  124975  8.50    79.48
125372  125389  3.00    104.60
125389  124540  9.55    122.22
125389  125403  7.00    74.01
125395  125372  0.00    6.28
125395  125994  0.00    89.07
125403  124654  10.22   109.08
125403  125422  3.00    73.59
125409  125785  1.00    56.38
125409  125467  10.00   34.23
125415  125546  3.00    83.53
125415  126131  8.62    105.40
125422  126081  10.00   94.56
125422  125439  3.00    74.11
125439  125451  8.44    75.46
125439  124494  9.20    134.85
125451  125452  0.00    14.95
125452  125474  6.50    73.63
125455  125922  7.05    88.38
125467  125524  1.67    36.26
125474  125491  3.00    74.00
125474  126060  8.63    83.95
125491  124556  1.00    134.82
125491  125507  6.71    72.40
125501  125455  7.91    96.41
125507  125928  6.00    83.25
125507  125527  10.92   93.91
125524  126089  6.00    79.58
125546  125643  3.00    53.57
125589  125409  11.50   91.79
125748  126473  0.00    138.14
125785  126193  0.00    59.65
125826  125439  3.00    56.38
125845  125785  0.00    32.92
125845  125467  0.00    58.46
125874  125395  11.29   98.40
125874  125911  0.00    5.11
125911  125165  0.00    129.65
125911  125947  3.00    5.92
125911  126049  11.50   17.59
125922  126419  7.31    88.38
125928  126357  1.86    83.26
125947  126375  8.50    76.73
125979  125389  7.25    85.32
125994  126599  6.64    89.07
126049  126225  8.13    29.75
126060  126234  3.00    71.71
126081  126650  0.00    99.34
126081  125826  8.45    78.57
126089  126484  5.52    54.46
126131  126484  5.33    69.10
126193  126089  8.60    79.69
126202  126724  5.50    86.42
126215  126225  0.00    21.73
126215  126049  7.25    30.49
126225  127218  6.43    149.79
126231  125826  6.44    99.63
126234  126231  0.00    14.04
126253  126193  11.00   43.17
126253  125589  0.00    96.27
126297  126380  10.25   83.15
126315  126081  5.83    75.94
126315  125403  8.10    132.53
126357  126906  10.00   103.06
126357  126060  6.75    63.36
126367  126296  11.50   81.71
126375  126599  0.00    74.23
126380  126828  3.00    86.78
126419  126070  9.13    74.35
126419  126904  7.75    93.41
126473  126131  0.00    72.90
126484  127380  4.16    139.56
126560  127252  0.00    118.89
126560  126473  0.00    19.33
126567  125979  0.00    85.02
126567  126315  16.67   76.65
126599  126567  0.00    84.82
126650  126884  9.00    95.02
126724  126560  5.50    32.22
126770  126357  1.00    86.49
126770  126367  1.82    84.46
126790  126724  25.50   13.88
126790  127052  0.00    60.24
126828  127292  6.54    93.62
126828  126419  8.23    97.49
126878  126253  0.00    95.01
126884  126885  7.11    15.33
126885  126906  7.67    46.90
126906  127471  6.56    141.63
127030  126790  3.00    47.06
127030  127252  0.00    87.22
127051  126315  0.00    127.14
127062  126215  7.00    133.82
127062  127218  12.71   123.93
127160  127395  1.67    51.30
127186  126567  3.00    108.96
127218  127755  23.33   81.98
127252  127676  14.15   87.03
127252  127443  13.19   75.13
127328  127916  9.00    109.54
127341  127370  6.50    26.44
127354  127341  10.00   15.08
127368  126770  1.00    132.50
127370  127662  8.00    118.18
127370  127051  5.63    122.27
127395  127368  9.00    4.83
127422  126828  7.73    137.36
127422  127141  9.80    55.78
127443  127457  0.00    4.96
127471  128203  7.53    142.59
127494  127062  11.00   76.02
127603  128113  8.63    76.07
127603  127494  2.33    74.25
127633  127395  13.25   48.73
127662  128180  10.57   93.24
127662  127186  10.00   106.39
127669  127368  0.00    58.46
127755  127603  13.20   106.76
127755  128394  0.00    82.76
128079  127824  7.56    120.21
128088  127494  7.25    92.13
128113  128672  1.00    77.41
128117  128886  7.08    126.11
128117  129231  8.60    138.39
128127  128597  6.40    110.23
128136  128117  9.40    80.75
128137  128136  11.43   16.15
128175  128779  20.11   120.45
128180  128749  20.00   93.73
128192  128137  10.00   84.27
128203  127808  3.00    75.86
128248  127845  5.43    94.08
128253  128113  0.00    76.26
128394  128854  9.20    93.66
128394  128253  12.38   76.26
128416  128079  9.71    86.31
128512  129042  4.67    126.48
128597  129012  11.65   110.13
128621  129459  8.43    110.22
128621  128574  0.00    6.90
128661  128192  10.68   79.26
128672  129415  16.57   101.66
128672  128741  8.67    88.84
128741  128088  7.00    92.13
128741  128749  0.00    16.39
128749  128886  7.00    99.10
128779  129606  20.00   122.83
128854  128672  7.40    113.38
128854  129563  10.13   136.35
128886  129198  0.00    39.74
128922  128970  0.00    7.71
128970  129048  9.80    10.03
129017  129477  10.93   49.11
129021  128854  0.00    29.80
129048  129496  0.00    48.75
129055  128621  11.50   112.56
129198  129925  7.75    78.54
129231  129198  0.00    75.32
129231  130063  6.38    89.78
129256  129231  7.75    82.98
129261  129256  3.00    14.30
129285  128192  8.50    135.27
129285  129261  9.88    81.69
129308  129285  4.35    76.66
129308  128661  10.08   81.87
129320  129942  0.00    85.16
129334  129308  8.86    74.66
129415  130212  3.00    101.66
129459  129981  7.80    105.20
129464  129298  0.00    78.25
129496  129642  0.00    18.13
129563  130212  8.67    120.56
129572  129055  8.20    112.52
129606  129464  0.00    78.24
129606  130344  100.00  87.46
129642  130569  0.00    114.83
129942  130299  11.50   82.61
130063  130737  6.88    89.78
130104  129285  10.00   89.57
130114  129563  20.00   100.41
130138  129308  10.00   91.37
130212  130714  9.80    107.05
130245  130114  0.00    97.51
130270  129625  0.00    101.11
130300  129334  9.09    127.00
130344  130482  0.00    68.91
130344  130520  0.00    25.30
130491  130892  0.00    57.62
130520  131388  0.00    128.69
130535  130299  10.00   69.49
130535  131202  9.13    131.11
130542  130866  0.00    40.87
130542  130491  0.00    26.13
130569  131375  8.54    114.83
130588  130542  0.00    26.45
130655  130853  0.00    48.25
130655  130588  0.00    27.66
130668  130482  0.00    25.90
130714  130792  2.00    15.95
130737  130751  8.25    83.73
130737  130985  8.25    35.09
130751  130754  0.00    14.23
130754  130770  7.67    82.04
130770  130104  7.00    89.57
130770  130786  10.75   66.39
130786  130138  8.44    90.85
130792  131334  9.00    79.41
130853  130588  0.00    32.84
130853  130866  0.00    25.60
130866  130892  0.00    30.12
130892  131003  0.00    72.36
131003  130520  0.00    88.92
131019  130270  0.00    104.64
131201  131003  0.00    26.95
131334  131876  10.00   79.44
131388  132217  0.00    129.10
131439  131160  5.33    59.60
131464  130770  10.00   99.43
131664  132008  2.00    52.36
131719  131019  0.00    104.98
131848  131876  5.90    123.62
131876  131897  10.50   113.37
131876  132404  11.00   82.12
132008  132526  3.00    81.78
132008  132502  12.00   115.00
132035  131688  6.14    56.15
132037  131664  3.00    96.62
132187  132229  19.62   134.54
132217  132187  9.00    134.44
132229  132349  1.00    75.50
132290  132502  7.67    34.06
132349  132404  7.86    75.26
132404  132426  14.33   80.02
132475  132217  5.50    92.97
132502  133387  8.00    125.73
132526  133099  5.57    81.78
132709  132037  8.09    101.11
132733  132475  1.00    92.77
132809  132709  3.00    11.83
133048  132229  8.47    119.74
133058  132404  12.60   108.87
133099  133212  8.67    13.82
133151  133168  6.35    21.55
133168  133839  18.50   107.30
133195  132650  3.00    79.27
133212  133893  10.00   97.39
133531  133151  1.00    101.09
133531  134508  9.00    141.88
133629  132809  3.00    121.45
133682  133629  1.00    19.47
133682  133195  15.00   78.40
133839  134537  0.00    108.86
133893  134557  0.00    97.39
133894  133629  0.00    36.11
133894  133682  0.00    33.98
133898  133048  6.25    119.75
133914  133531  9.83    92.89
134498  134499  5.33    105.36
134499  133914  22.80   84.91
134499  134508  3.00    73.30
134508  135446  0.00    143.98
134508  134517  4.00    79.46
134517  134522  0.00    17.44
134522  134537  9.00    81.56
134537  135469  0.00    143.59
134537  134549  5.50    127.59
134549  133894  3.00    109.61
135050  134498  7.58    140.91
135095  134498  2.88    98.31
135120  134499  3.00    99.01
135205  135209  0.00    17.07
135446  136442  0.00    143.97
135629  135050  3.00    140.85
135801  135120  10.00   99.01
135801  135095  5.40    124.91
135951  135095  5.30    128.97
135951  136370  7.25    70.10
136442  135801  0.00    115.45
136473  135629  0.00    144.87
136500  135951  7.80    75.92
137345  136473  0.00    145.99
1 2 124577 124556 126770 127368
2 0
3 2 122117 121634 123902 123151
4 1 126131 125415
