492 859 3 10 2 3 2482.41 772.65
1 2
2 2
3 2
4 2
5 1
6 2
7 2
8 1
9 2
10 2
11 2
12 2
13 1
14 1
15 2
16 2
17 2
18 2
19 2
20 2
21 1
22 1
23 2
24 2
25 2
26 2
27 2
28 2
29 2
30 2
31 1
32 1
33 2
34 2
35 1
36 1
37 2
38 2
39 2
40 1
41 1
42 2
43 2
44 2
45 1
46 2
47 1
48 2
49 1
50 2
51 1
52 2
53 1
54 2
55 2
56 1
57 1
58 2
59 2
60 2
61 2
62 1
63 2
64 2
65 1
66 1
67 2
68 2
69 1
70 2
71 2
72 2
73 2
74 2
75 1
76 2
77 2
78 2
79 1
80 2
81 2
82 1
83 2
84 2
85 2
86 1
87 2
88 2
89 1
90 1
91 1
92 2
93 2
94 1
95 1
96 2
97 2
98 2
99 2
100 2
101 1
102 1
103 2
104 2
105 1
106 1
107 1
108 1
109 1
110 2
111 2
112 1
113 2
114 1
115 1
116 2
117 2
118 1
119 1
120 2
121 1
122 2
123 2
124 2
125 2
126 2
127 2
128 1
129 1
130 2
131 1
132 1
133 1
134 2
135 2
136 1
137 1
138 1
139 2
140 1
141 1
142 2
143 1
144 2
145 1
146 2
147 2
148 1
149 1
150 2
151 2
152 1
153 1
154 1
155 2
156 2
157 1
158 2
159 1
160 2
161 2
162 2
163 2
164 2
165 2
166 2
167 1
168 2
169 2
170 2
171 1
172 1
173 1
174 2
175 1
176 2
177 1
178 1
179 1
180 2
181 1
182 2
183 1
184 2
185 1
186 2
187 2
188 2
189 1
190 1
191 2
192 2
193 3
194 1
195 1
196 1
197 1
198 1
199 2
200 3
201 1
202 1
203 1
204 1
205 2
206 1
207 1
208 1
209 2
210 2
211 2
212 1
213 1
214 2
215 1
216 1
217 1
218 3
219 1
220 1
221 2
222 1
223 2
224 1
225 1
226 2
227 1
228 1
229 1
230 1
231 1
232 2
233 2
234 2
235 2
236 2
237 1
238 1
239 1
240 3
241 1
242 1
243 1
244 2
245 1
246 1
247 1
248 3
249 1
250 2
251 3
252 1
253 1
254 3
255 1
256 1
257 2
258 1
259 1
260 2
261 3
262 1
263 2
264 3
265 2
266 1
267 1
268 1
269 3
270 1
271 1
272 3
273 2
274 3
275 2
276 1
277 1
278 2
279 1
280 2
281 3
282 3
283 3
284 3
285 3
286 3
287 1
288 3
289 3
290 3
291 1
292 2
293 2
294 2
295 1
296 1
297 3
298 3
299 1
300 2
301 3
302 1
303 3
304 3
305 3
306 1
307 3
308 3
309 3
310 3
311 1
312 3
313 3
314 3
315 1
316 3
317 3
318 1
319 3
320 1
321 3
322 3
323 1
324 3
325 3
326 3
327 3
328 3
329 3
330 3
331 1
332 3
333 3
334 1
335 1
336 3
337 3
338 1
339 3
340 3
341 3
342 3
343 3
344 1
345 3
346 3
347 1
348 3
349 3
350 3
351 3
352 3
353 3
354 3
355 3
356 3
357 3
358 3
359 3
360 3
361 3
362 3
363 3
364 3
365 3
366 3
367 3
368 3
369 3
370 3
371 3
372 3
373 3
374 3
375 3
376 3
377 3
378 3
379 3
380 3
381 3
382 3
383 3
384 3
385 3
386 3
387 3
388 3
389 3
390 3
391 3
392 3
393 3
394 3
395 3
396 3
397 3
398 3
399 3
400 3
401 2
402 2
403 2
404 1
405 2
406 1
407 2
408 1
409 2
410 1
411 2
412 2
413 2
414 2
415 2
416 2
417 1
418 2
419 1
420 1
421 2
422 1
423 1
424 2
425 1
426 1
427 1
428 2
429 2
430 1
431 2
432 1
433 1
434 1
435 1
436 1
437 1
438 1
439 2
440 2
441 1
442 1
443 1
444 2
445 2
446 2
447 1
448 1
449 3
450 1
451 3
452 1
453 1
454 2
455 2
456 2
457 2
458 1
459 3
460 1
461 2
462 1
463 3
464 2
465 1
466 2
467 1
468 3
469 3
470 3
471 3
472 3
473 1
474 3
475 1
476 1
477 3
478 3
479 3
480 3
481 3
482 3
483 3
484 3
485 3
486 3
487 3
488 3
489 3
490 3
491 3
492 3
1 402 1.21 99.13
1 2 1.27 18.92
2 4 1.33 135.38
2 5 1.37 133.74
3 1 1.13 85.23
4 9 2.8 133.41
4 7 1.61 87.85
5 8 1.69 131.93
5 9 5.87 140.62
6 3 1.61 85.23
6 405 2.88 86.41
7 11 1.33 87.82
8 14 2.23 135.64
8 406 6.27 124.20
9 13 7.11 131.04
9 12 2.94 86.18
10 6 1.56 141.61
10 407 2.75 122.48
11 10 1.49 17.77
11 16 1.56 129.85
12 17 2.62 86.16
13 8 4.33 137.74
13 21 5.15 136.47
14 22 1.97 135.90
14 21 4.37 140.23
15 16 1.25 17.88
15 10 1.32 128.55
16 20 1.23 76.35
16 24 2.12 132.07
17 24 2.71 132.49
17 11 8.19 133.20
18 13 6.72 86.10
19 15 1.32 79.92
20 27 2.39 76.34
21 31 6.35 85.79
21 36 5.06 135.80
22 32 4.27 95.87
22 410 6.75 122.96
23 19 2 66.94
23 27 1 19.74
24 34 3.14 88.78
24 39 3.8 132.27
25 413 3 78.88
25 23 2.09 16.14
26 18 9.45 86.10
26 17 3.39 133.01
27 38 2.83 87.43
27 29 1.92 16.32
28 30 1.77 19.16
28 414 1.85 67.78
28 25 1.18 16.72
29 25 1.17 19.90
29 30 1.53 12.18
30 42 1.58 139.36
30 33 2.28 36.25
31 41 6.17 85.65
32 35 1.8 25.04
33 38 2 47.29
33 29 2.5 37.85
34 43 2 88.77
35 40 1.35 38.88
35 419 0 53.31
36 47 4.14 93.24
36 22 2.77 140.40
37 28 1.25 99.54
37 418 1.76 91.21
38 44 4.67 50.30
38 43 2.57 47.39
39 54 2.51 136.35
39 26 4.74 135.42
40 53 5.94 139.45
40 49 1.65 79.23
41 54 6.71 135.06
41 26 5.75 135.39
42 58 1.4 139.42
43 44 0 18.42
43 59 2.95 132.96
44 68 2.62 145.87
44 48 1 18.65
45 36 3.17 87.23
46 37 1.71 89.72
47 53 5.94 65.38
47 56 1.5 86.13
48 33 3.47 100.64
48 52 2.31 66.75
49 57 2.64 79.35
50 39 4.31 89.19
51 45 4.25 86.19
51 41 4.71 115.79
52 63 2.41 90.62
53 62 4.54 80.63
54 64 1.5 89.36
54 69 6.5 115.21
55 58 1.41 19.77
55 46 1.23 89.78
56 65 2.33 86.13
57 66 1.59 78.51
57 422 1.5 123.74
58 80 1.39 132.23
58 71 1.36 102.26
59 81 3.17 136.93
59 50 2.6 89.19
60 55 1.23 44.50
61 60 0 44.07
62 79 5.19 80.63
63 80 1.32 90.62
64 81 3.75 89.36
65 51 12.13 113.01
65 90 3.3 135.21
66 82 1.91 78.51
67 59 3.27 75.98
67 83 0 76.67
68 67 0 5.12
68 76 3.74 25.44
69 51 2.71 136.05
69 90 2.11 112.86
70 61 0 49.14
70 60 1.53 74.64
71 87 1.57 102.33
72 48 1.82 145.66
72 52 3.23 131.94
73 68 5.5 19.67
73 72 0 0.56
74 73 0 0.28
74 72 0 0.62
75 65 0 32.63
76 93 1.75 85.53
77 74 0 23.13
78 74 2.25 16.68
79 91 3.17 77.46
79 57 1.51 139.79
80 100 3.61 132.24
80 92 2.18 89.47
81 99 3.09 127.21
81 97 2.78 113.57
82 105 1.98 139.38
82 107 1.88 139.50
83 99 1 77.48
84 424 1.71 131.12
84 70 2.07 86.27
85 69 3.75 89.56
86 75 4.67 75.71
86 426 1 87.53
87 104 1.45 100.05
87 84 4.51 20.23
88 77 3.71 82.35
89 86 5.33 17.79
89 430 0 41.88
90 112 3.05 145.31
90 106 6 91.14
91 105 2.31 77.44
92 96 6.31 28.58
92 116 8.95 132.30
93 110 3.9 83.63
94 431 0 35.57
95 102 0 83.11
95 89 8.25 39.84
96 122 8.65 132.32
96 111 1.58 85.82
97 119 3.8 115.11
97 85 4.88 89.45
98 84 1.63 100.24
99 110 0 45.23
100 88 6.67 82.35
100 117 4.29 83.71
101 79 2.52 147.67
101 432 0 73.75
102 427 0 83.31
103 77 4.24 147.70
103 78 2.09 130.91
103 130 5.08 147.33
104 120 1.3 100.09
105 114 9.28 68.56
105 118 2.28 82.82
106 119 2 88.98
106 94 0 56.78
107 132 1.66 139.66
108 95 1.59 61.81
108 101 1 27.40
109 437 0 13.78
110 124 2.08 68.14
111 87 1.89 132.16
111 123 2.38 63.64
112 128 7.45 94.37
112 131 3.92 84.38
113 98 1.32 100.24
113 120 1.33 20.13
114 129 2.1 65.84
114 433 0 69.67
115 435 2 56.89
115 108 4 56.47
116 100 4.83 88.72
117 440 1 117.45
117 130 3.73 61.13
118 133 3.58 94.09
118 140 4.67 134.10
119 136 4.89 102.82
119 142 2.41 140.04
120 144 1.52 131.57
120 139 1.43 126.54
121 108 2.31 78.57
121 109 10 70.05
122 116 6.4 28.51
123 125 2.57 13.09
123 127 2 26.70
124 142 2.45 116.83
124 97 3 137.12
125 144 2.23 121.00
126 103 1.62 113.21
127 125 1 24.38
128 136 5.33 94.18
129 438 7.57 73.59
129 152 4.56 139.69
130 150 3.91 115.11
130 146 3.82 101.45
131 143 4.14 75.90
131 115 2.22 77.49
132 436 1 128.62
132 138 3.2 60.00
133 121 2.32 74.07
133 149 2.55 81.46
134 111 3.97 132.36
134 122 3.79 86.07
135 113 1.42 123.80
136 159 6.73 128.14
137 148 0 31.17
138 148 3 31.54
138 137 0 33.33
139 160 2.44 126.53
140 129 1.29 84.04
141 140 1 6.13
142 147 3 14.31
142 162 1.73 116.59
143 154 2 75.90
144 168 2.46 133.48
144 163 2.31 129.55
145 131 1.67 89.99
146 161 3.5 101.37
147 126 2.44 117.10
147 170 8.74 146.01
148 153 6.4 55.50
149 154 3.5 52.96
150 126 2.62 146.18
150 158 3.72 49.25
151 134 4.7 98.42
152 132 3.22 140.32
153 171 2.56 88.67
154 173 3.44 89.48
154 178 2.73 133.82
155 135 1.64 123.83
155 439 1.42 138.56
156 134 4.27 123.41
156 174 10.52 97.91
157 133 3.5 134.38
157 141 7.33 88.40
158 170 1.95 66.08
159 175 9.86 93.36
159 145 2.78 89.99
160 155 1.29 20.44
160 444 1.46 37.45
161 156 4.48 26.99
162 181 1.86 116.56
163 182 2.68 129.54
164 150 3.2 101.20
165 444 1 18.46
166 147 3.33 116.99
167 152 4.25 90.10
167 141 2 136.30
168 186 3.25 116.35
168 151 6.39 98.42
169 160 1.34 36.23
169 165 1.69 34.49
170 191 3.57 127.89
170 184 5.86 100.81
171 206 4.67 143.08
171 443 3 140.89
171 185 2.5 94.21
172 157 3 74.85
173 448 1 54.78
173 183 3.32 88.76
174 186 9.43 97.91
175 189 0 75.20
175 183 3.81 56.64
176 161 4.43 89.68
176 192 14.6 97.36
177 153 1 140.09
177 195 1.1 86.36
178 157 5.83 134.22
178 190 2.9 59.32
179 172 2.8 58.22
179 167 1 89.91
180 164 8.44 101.20
180 176 11.82 25.99
181 159 2.62 147.06
181 201 8.2 90.42
182 199 1.38 85.37
182 169 1.59 97.64
183 194 3.99 42.12
184 205 2 100.81
185 204 1.5 94.20
186 210 4.3 115.76
186 209 8.8 125.84
187 166 3.17 117.00
187 181 0 15.33
188 168 9.68 127.76
189 201 5 75.22
190 202 3.75 68.94
190 172 0 134.16
191 214 2.67 100.51
191 221 3.41 120.01
192 210 4.8 97.37
193 451 0 32.22
194 212 6.08 91.73
195 206 0 101.87
195 213 0 90.93
196 177 10 91.13
197 179 4 83.64
197 452 0 101.19
198 203 1 81.55
198 178 4.67 108.88
199 165 3.18 137.42
200 193 3 45.67
200 187 1.67 74.92
201 225 1.93 98.96
202 179 2.69 134.63
203 190 4 81.01
204 447 1.8 133.57
204 208 2 16.05
205 180 4.92 115.93
205 226 5 96.56
206 222 4.67 105.42
206 239 4 112.11
207 194 5.2 76.39
208 220 0 45.11
208 219 0 42.31
209 232 10.49 125.80
210 234 10.91 123.34
210 235 3.94 114.83
211 182 3.06 132.66
211 188 7.44 127.75
212 215 5.5 7.06
212 198 10 67.60
213 231 0 90.93
214 233 2.5 100.52
215 228 6.33 81.28
215 230 4.9 85.10
216 204 1 42.66
216 219 0 16.51
217 196 1 91.13
217 197 10 86.43
218 187 2.29 137.77
219 224 1.57 24.74
220 219 1 63.62
221 200 2.81 72.29
221 251 4.57 140.07
222 216 1 23.96
222 224 0 17.45
223 211 4.52 50.32
224 458 0 106.47
224 238 3.75 78.24
225 247 3.36 99.10
225 207 6.75 76.39
226 244 3.77 96.56
227 249 0 72.56
227 202 3.89 119.00
228 247 7.25 75.21
229 230 0 54.74
229 227 5.33 18.51
230 242 3 45.01
230 237 2.9 29.84
231 217 4 85.80
232 223 2.12 56.72
232 455 3.95 19.33
233 205 3.42 132.98
233 254 7.64 96.01
234 257 3.52 123.37
235 244 5.18 41.83
235 260 9.5 133.83
236 454 0 16.27
236 250 3 54.80
237 243 5.5 35.88
237 229 3 36.34
238 255 3.88 78.24
239 246 4 30.27
239 253 1 50.25
240 221 1.38 109.35
240 274 12.6 139.82
241 217 1 133.32
242 243 1 56.20
242 237 4 30.39
243 249 0 20.72
244 275 5.37 137.42
244 265 6.71 117.38
245 231 0 51.12
245 453 0 133.22
246 222 3.78 123.41
247 266 1.73 123.85
248 218 2.36 137.67
249 271 2 128.69
250 232 3.81 72.86
251 274 6.48 110.45
251 264 2.72 78.04
252 228 7 119.34
252 242 10 35.31
253 256 0 24.39
254 275 6.8 96.01
255 460 0 69.46
255 259 8 19.43
256 262 3 136.33
257 250 2.09 46.06
258 256 10 9.98
258 246 3 62.18
259 258 0 20.70
259 462 0 77.50
259 279 5.67 78.48
260 263 10 26.70
261 240 3.44 91.17
261 233 8.39 125.02
262 267 6.5 134.23
262 245 0 63.59
263 461 3 18.92
264 283 4.12 74.13
265 294 7.29 140.07
265 273 3.5 17.83
266 252 7 78.09
266 284 3.08 88.57
267 276 3 134.25
268 241 0 133.32
269 289 2.6 89.35
270 268 0 15.51
270 277 2.2 23.23
271 270 0 0.37
272 266 0 14.00
272 248 1.7 136.29
273 260 10 51.07
273 280 5.5 23.62
274 290 2 89.68
275 288 4.54 70.98
275 294 5.57 113.16
276 277 0 14.42
276 268 0 24.94
277 295 4.86 131.60
277 299 4.67 142.29
278 257 2.37 86.32
279 291 4.67 78.48
280 263 0 52.81
280 292 7.29 79.18
281 261 3.36 81.55
282 261 7.9 94.94
283 304 5.24 112.72
283 298 6.73 98.99
284 296 1.35 88.51
285 264 3.6 99.44
286 272 1.4 94.17
287 258 1.89 147.66
287 262 0 99.36
288 297 5.5 58.22
288 309 10 109.40
289 272 2.2 84.74
290 281 4.36 57.17
290 308 10 93.96
291 306 2.6 79.18
291 287 0 19.15
292 278 3.07 86.31
293 292 1.86 10.18
294 309 8.25 69.96
294 310 4.33 117.94
295 311 4.8 131.70
296 299 1 26.93
296 271 3 146.02
297 322 4.72 136.57
297 282 8.6 94.94
298 313 4.6 99.00
299 318 3.88 133.96
299 301 5.46 24.54
300 293 5.31 49.24
301 312 5.5 88.81
301 286 1.29 94.21
302 287 1 80.38
303 289 3.64 92.17
304 289 2.86 85.75
305 285 7 99.65
305 290 3 77.15
306 315 3.84 79.10
307 304 5.33 14.28
307 319 6 91.86
308 316 10 75.58
308 322 1.67 93.92
309 314 2.8 60.35
310 300 2.7 79.52
311 315 0 16.13
311 302 2.05 80.32
312 328 10 114.72
312 303 1 91.81
313 326 1.67 92.03
313 305 2.83 74.16
314 297 4 107.36
315 323 13.67 71.57
315 467 10 104.16
316 326 5.33 75.57
317 307 1.67 89.64
318 331 1.76 133.99
319 328 6.5 90.63
319 332 4.75 119.79
320 301 2.08 141.67
321 470 1 76.61
321 310 2.24 44.24
322 336 9.07 124.98
322 333 10.75 108.89
323 335 1.4 73.63
323 473 0 87.12
324 312 1 94.08
325 472 3 58.91
325 321 1.21 54.43
326 340 3 95.04
327 336 20 47.55
327 469 0 11.59
328 343 12.75 119.44
328 341 11 97.00
329 317 4 89.88
329 313 4.14 108.51
330 325 1.95 35.92
330 314 2.86 118.91
331 311 2.88 144.76
331 335 1 13.93
332 348 6.5 119.79
333 340 2 39.09
333 468 10 51.77
334 331 0 12.32
334 320 1.67 141.68
335 338 0 12.23
335 476 7.38 117.87
336 345 7.89 95.82
337 324 1 94.07
337 350 0 135.80
338 334 1.4 14.44
338 347 3.75 91.98
339 329 2.5 59.32
340 351 2.33 111.39
340 346 4.67 73.44
341 353 0 119.16
341 350 4.67 90.31
342 330 3.28 89.15
342 477 1.8 74.81
343 358 8.2 119.44
344 337 1.67 97.36
344 334 3.25 93.02
345 342 1.56 42.61
346 360 9 141.50
347 478 0 117.65
347 356 2.14 84.01
348 339 3.06 93.77
348 357 10 82.37
349 344 0 28.35
349 347 0 34.98
350 359 1.67 95.96
350 361 10 103.18
351 339 3.48 126.27
352 345 4.47 49.01
353 366 0 119.18
354 349 13.67 53.16
355 351 2.33 38.36
356 362 7.13 64.98
356 354 3 14.76
357 364 0 82.37
358 365 6.5 82.51
358 348 7 91.63
359 362 10 14.73
359 354 3.14 64.24
360 352 2.03 96.20
361 368 0 103.18
362 481 0 125.80
362 375 2 133.85
363 355 6 84.87
364 355 5.8 93.15
364 370 5.5 84.96
365 371 10 82.51
366 358 9 93.22
366 373 10 82.56
367 482 2.22 84.44
367 360 1.82 62.67
368 374 0 31.97
368 372 10 124.09
369 363 3.31 85.17
369 367 2.45 56.90
370 377 2.5 85.02
371 364 10 92.34
371 378 1 85.27
372 359 4.07 135.81
373 379 0 82.56
374 366 2.5 92.65
374 376 0 32.24
375 381 1.5 102.58
375 388 0 143.60
376 385 10 132.53
377 484 0 135.44
377 369 3.75 89.51
378 383 3 85.26
379 384 3 85.44
379 371 9.53 92.16
380 374 1 95.10
380 372 5.32 102.27
381 389 5.75 115.62
381 380 1 14.73
382 376 0 86.79
382 387 0 36.05
383 377 1.78 90.83
384 391 0 85.44
385 379 3 92.69
385 392 10 84.64
386 486 0 103.43
386 383 4.48 24.04
387 380 1.89 91.32
388 381 1 97.04
389 394 3.75 101.20
390 382 3.75 64.64
390 387 3 55.78
391 386 1.22 69.69
392 395 8 84.64
393 391 1.14 59.33
393 487 2.09 83.11
394 400 2 101.30
395 393 1.44 33.54
396 395 1.77 45.42
397 390 2.68 144.11
398 396 2.95 37.08
398 397 5.57 34.60
399 396 0 39.66
399 398 0 45.70
400 398 2.6 31.92
400 492 1.35 48.95
401 1 1.5 150.59
403 2 1.37 97.74
404 5 1.92 128.88
408 14 2.13 130.65
409 15 9.73 92.31
411 19 1 86.72
412 23 1.08 82.80
416 415 1 9.71
417 32 1 60.57
420 40 2.8 52.37
421 55 3.42 118.76
423 82 1.33 128.08
425 75 3 53.31
428 94 1 40.65
429 113 1 118.42
434 109 0 13.74
441 171 3 149.28
442 149 2.86 31.80
445 158 0 56.14
446 155 2.49 108.90
449 193 0 5.39
450 220 3 67.96
450 208 1 45.17
456 236 0 10.21
457 223 4.9 108.13
459 269 2.43 89.28
463 281 3 39.78
464 300 0 95.18
465 291 0 104.08
466 293 3 124.98
471 327 0 10.92
474 346 0 52.50
475 338 1 90.50
479 367 6.5 90.60
480 352 1 84.10
483 369 5.5 78.77
485 389 0 130.17
488 399 0 71.71
489 399 0 45.31
490 492 1.05 85.96
491 400 2.34 69.39
1 401 1.5 150.59
2 1 1.27 18.92
5 2 1.37 133.74
8 13 4.33 137.74
8 5 1.69 131.93
13 18 6.72 86.10
14 8 2.23 135.64
18 26 9.45 86.10
22 14 1.97 135.90
26 39 4.74 135.42
32 22 4.27 95.87
35 32 1.8 25.04
39 50 4.31 89.19
40 35 1.35 38.88
49 40 1.65 79.23
50 59 2.6 89.19
52 72 3.23 131.94
57 49 2.64 79.35
59 67 3.27 75.98
66 57 1.59 78.51
67 68 0 5.12
68 73 5.5 19.67
72 73 0 0.56
73 74 0 0.28
74 77 0 23.13
77 88 3.71 82.35
82 66 1.91 78.51
88 100 6.67 82.35
100 116 4.83 88.72
102 95 0 83.11
107 82 1.88 139.50
109 121 10 70.05
109 434 0 13.74
116 122 6.4 28.51
122 134 3.79 86.07
129 140 1.29 84.04
132 107 1.66 139.66
134 151 4.7 98.42
138 132 3.2 60.00
140 141 1 6.13
141 157 7.33 88.40
141 167 2 136.30
148 138 3 31.54
149 442 2.86 31.80
151 168 6.39 98.42
153 148 6.4 55.50
155 160 1.29 20.44
157 178 5.83 134.22
160 169 1.34 36.23
168 188 9.68 127.76
169 182 1.59 97.64
171 153 2.56 88.67
178 198 4.67 108.88
182 211 3.06 132.66
185 171 2.5 94.21
188 211 7.44 127.75
192 176 14.6 97.36
193 449 0 5.39
193 200 3 45.67
198 212 10 67.60
204 185 1.5 94.20
208 204 2 16.05
210 192 4.8 97.37
211 223 4.52 50.32
213 195 0 90.93
214 191 2.67 100.51
220 208 0 45.11
223 232 2.12 56.72
228 252 7 119.34
230 229 0 54.74
231 213 0 90.93
232 250 3.81 72.86
233 214 2.5 100.52
234 210 10.91 123.34
242 230 3 45.01
243 242 1 56.20
249 227 0 72.56
250 257 2.09 46.06
254 233 7.64 96.01
256 258 10 9.98
256 253 0 24.39
257 278 2.37 86.32
257 234 3.52 123.37
260 235 9.5 133.83
262 256 3 136.33
263 260 10 26.70
267 262 6.5 134.23
269 459 2.43 89.28
274 240 12.6 139.82
275 254 6.8 96.01
276 267 3 134.25
277 276 0 14.42
278 292 3.07 86.31
281 463 3 39.78
289 303 3.64 92.17
289 269 2.6 89.35
292 293 1.86 10.18
293 300 5.31 49.24
294 265 7.29 140.07
294 275 5.57 113.16
300 464 0 95.18
300 310 2.7 79.52
303 312 1 91.81
309 288 10 109.40
309 294 8.25 69.96
310 321 2.24 44.24
310 294 4.33 117.94
312 324 1 94.08
314 309 2.8 60.35
321 325 1.21 54.43
324 337 1 94.07
325 330 1.95 35.92
330 342 3.28 89.15
332 319 4.75 119.79
336 327 20 47.55
337 344 1.67 97.36
342 345 1.56 42.61
345 352 4.47 49.01
346 474 0 52.50
348 332 6.5 119.79
350 337 0 135.80
352 360 2.03 96.20
353 341 0 119.16
355 364 5.8 93.15
357 348 10 82.37
360 367 1.82 62.67
361 350 10 103.18
364 371 10 92.34
364 357 0 82.37
366 353 0 119.18
367 479 6.5 90.60
367 369 2.45 56.90
368 361 0 103.18
369 483 5.5 78.77
369 377 3.75 89.51
370 364 5.5 84.96
371 379 9.53 92.16
372 368 10 124.09
373 366 10 82.56
374 368 0 31.97
376 382 0 86.79
376 374 0 32.24
377 383 1.78 90.83
377 370 2.5 85.02
379 373 0 82.56
379 385 3 92.69
382 390 3.75 64.64
383 386 4.48 24.04
384 379 3 85.44
385 376 10 132.53
386 391 1.22 69.69
387 382 0 36.05
388 375 0 143.60
389 485 0 130.17
391 393 1.14 59.33
391 384 0 85.44
392 385 10 84.64
393 395 1.44 33.54
395 396 1.77 45.42
395 392 8 84.64
396 398 2.95 37.08
398 400 2.6 31.92
400 491 2.34 69.39
405 6 2.88 86.41
406 8 6.27 124.20
418 37 1.76 91.21
426 86 1 87.53
427 102 0 83.31
430 89 0 41.88
433 114 0 69.67
437 109 0 13.78
438 129 7.57 73.59
439 155 1.42 138.56
443 171 3 140.89
448 173 1 54.78
451 193 0 32.22
452 197 0 101.19
453 245 0 133.22
461 263 3 18.92
462 259 0 77.50
468 333 10 51.77
470 321 1 76.61
473 323 0 87.12
477 342 1.8 74.81
478 347 0 117.65
484 377 0 135.44
487 393 2.09 83.11
1 0
2 0
