33 68 2 2 2 2 1486.26 825.7
348 1
357 1
358 1
364 1
365 1
366 1
370 1
371 1
373 1
374 2
376 2
377 1
378 1
379 1
380 2
381 2
382 2
383 1
384 1
385 2
386 1
387 2
389 2
390 2
391 1
392 2
393 2
394 2
395 2
396 2
397 2
398 2
400 2
348 357 10 82.38
357 364 0 82.38
358 365 6.5 82.52
358 348 7 91.63
364 370 5.5 84.97
365 371 10 82.52
366 358 9 93.22
366 373 10 82.57
370 377 2.5 85.02
371 364 10 92.35
371 378 1 85.28
373 379 0 82.56
374 366 2.5 92.65
374 376 0 32.25
376 385 10 132.53
378 383 3 85.27
379 371 9.53 92.17
379 384 3 85.45
380 374 1 95.11
381 389 5.75 115.62
381 380 1 14.74
382 376 0 86.80
382 387 0 36.05
383 377 1.78 90.83
384 391 0 85.45
385 392 10 84.65
385 379 3 92.70
386 383 4.48 24.04
387 380 1.89 91.32
389 394 3.75 101.21
390 387 3 55.79
390 382 3.75 64.64
391 386 1.22 69.69
392 395 8 84.65
393 391 1.14 59.33
394 400 2 101.30
395 393 1.44 33.55
396 395 1.77 45.42
397 390 2.68 144.12
398 397 5.57 34.60
398 396 2.95 37.09
400 398 2.6 31.93
357 348 10 82.38
364 371 10 92.35
364 357 0 82.38
370 364 5.5 84.97
371 379 9.53 92.17
373 366 10 82.57
376 374 0 32.25
376 382 0 86.80
377 383 1.78 90.83
377 370 2.5 85.02
379 385 3 92.70
379 373 0 82.56
382 390 3.75 64.64
383 386 4.48 24.04
384 379 3 85.45
385 376 10 132.53
386 391 1.22 69.69
387 382 0 36.05
391 384 0 85.45
391 393 1.14 59.33
392 385 10 84.65
393 395 1.44 33.55
395 396 1.77 45.42
395 392 8 84.65
396 398 2.95 37.09
398 400 2.6 31.93
1 4 374 376 371 364 385 379 370 377
2 0
