64 124 2 2 2 2 1247.19 691.74
283 2
298 2
304 2
307 2
313 1
317 2
319 2
326 1
328 2
329 2
332 2
339 1
340 1
341 2
343 2
346 1
348 2
350 2
351 1
353 2
355 1
357 1
358 2
359 2
360 1
361 2
362 2
363 1
364 1
365 1
366 2
367 1
368 2
369 1
370 1
371 1
372 2
373 1
374 2
375 2
376 1
377 1
378 1
379 1
380 1
381 1
382 1
383 1
384 1
385 1
386 1
387 1
389 1
390 1
391 1
392 1
393 1
394 1
395 1
396 1
397 1
398 1
400 1
479 1
283 298 6.73 98.99
283 304 5.24 112.72
298 313 4.6 99.00
307 304 5.33 14.28
307 319 6 91.86
313 326 1.67 92.03
317 307 1.67 89.64
319 328 6.5 90.63
319 332 4.75 119.79
326 340 3 95.04
328 341 11 97.00
328 343 12.75 119.44
329 313 4.14 108.51
329 317 4 89.88
332 348 6.5 119.79
339 329 2.5 59.32
340 346 4.67 73.44
340 351 2.33 111.39
341 353 0 119.16
341 350 4.67 90.31
343 358 8.2 119.44
346 360 9 141.50
348 339 3.06 93.77
348 357 10 82.37
350 359 1.67 95.96
350 361 10 103.18
351 339 3.48 126.27
353 366 0 119.18
355 351 2.33 38.36
357 364 0 82.37
358 365 6.5 82.51
358 348 7 91.63
359 362 10 14.73
361 368 0 103.18
362 375 2 133.85
363 355 6 84.87
364 370 5.5 84.96
364 355 5.8 93.15
365 371 10 82.51
366 373 10 82.56
366 358 9 93.22
367 360 1.82 62.67
368 374 0 31.97
368 372 10 124.09
369 363 3.31 85.17
369 367 2.45 56.90
370 377 2.5 85.02
371 364 10 92.34
371 378 1 85.27
372 359 4.07 135.81
373 379 0 82.56
374 376 0 32.24
374 366 2.5 92.65
375 381 1.5 102.58
376 385 10 132.53
377 369 3.75 89.51
378 383 3 85.26
379 371 9.53 92.16
379 384 3 85.44
380 372 5.32 102.27
380 374 1 95.10
381 389 5.75 115.62
381 380 1 14.73
382 387 0 36.05
382 376 0 86.79
383 377 1.78 90.83
384 391 0 85.44
385 392 10 84.64
385 379 3 92.69
386 383 4.48 24.04
387 380 1.89 91.32
389 394 3.75 101.20
390 387 3 55.78
390 382 3.75 64.64
391 386 1.22 69.69
392 395 8 84.64
393 391 1.14 59.33
394 400 2 101.30
395 393 1.44 33.54
396 395 1.77 45.42
397 390 2.68 144.11
398 397 5.57 34.60
398 396 2.95 37.08
400 398 2.6 31.92
479 367 6.5 90.60
332 319 4.75 119.79
348 332 6.5 119.79
353 341 0 119.16
355 364 5.8 93.15
357 348 10 82.37
360 367 1.82 62.67
361 350 10 103.18
364 357 0 82.37
364 371 10 92.34
366 353 0 119.18
367 479 6.5 90.60
367 369 2.45 56.90
368 361 0 103.18
369 377 3.75 89.51
370 364 5.5 84.96
371 379 9.53 92.16
372 368 10 124.09
373 366 10 82.56
374 368 0 31.97
376 382 0 86.79
376 374 0 32.24
377 383 1.78 90.83
377 370 2.5 85.02
379 385 3 92.69
379 373 0 82.56
382 390 3.75 64.64
383 386 4.48 24.04
384 379 3 85.44
385 376 10 132.53
386 391 1.22 69.69
387 382 0 36.05
391 393 1.14 59.33
391 384 0 85.44
392 385 10 84.64
393 395 1.44 33.54
395 396 1.77 45.42
395 392 8 84.64
396 398 2.95 37.08
398 400 2.6 31.92
1 2 319 328 358 365 
2 3 366 373 391 393 382 376
