1112 2635 3 6 2 2 2020.18 744.28
153128  13
153411  82
153536  82
153551  13
153568  13
153698  82
153742  82
153757  82
153812  74
153836  82
154142  13
154184  82
154310  82
154374  13
154560  13
154627  13
154637  82
154649  13
154786  74
154801  13
154905  82
154927  13
154957  13
155048  74
155109  74
155241  74
155443  82
155842  82
155916  74
156009  13
156026  13
156209  13
156513  13
156639  74
156701  74
157042  74
157051  74
157561  74
157677  74
157678  74
157926  74
158132  13
158263  13
158589  74
158645  74
158816  13
158974  13
158998  74
159499  13
159546  74
159589  74
159703  13
159792  13
159891  13
159910  13
159914  13
159959  13
159964  13
160171  13
160404  74
160472  74
160505  74
160628  13
160745  13
160812  13
160918  13
160938  74
161082  13
161380  13
161779  13
162034  74
162523  13
153144  13
153187  13
153279  82
153333  13
153359  82
153397  13
153429  82
153458  13
153501  82
153569  82
153579  82
153588  82
153598  13
153602  82
153603  82
153610  13
153629  82
153647  82
153657  13
153660  13
153672  13
153678  13
153719  13
153733  82
153734  82
153743  82
153748  82
153753  13
153761  13
153765  82
153778  82
153807  82
153816  13
153828  82
153829  82
153838  82
153850  82
153852  82
153888  13
153902  82
153907  13
153920  82
153923  74
153924  13
153929  74
153954  82
153955  82
153961  82
153965  82
153970  82
153976  82
153977  82
153979  82
153984  82
153985  82
153988  82
153992  82
154000  74
154002  82
154008  82
154014  13
154046  82
154064  13
154085  13
154086  13
154094  13
154095  13
154106  13
154107  74
154117  82
154118  82
154125  82
154130  74
154133  13
154134  13
154137  82
154146  13
154148  82
154149  13
154150  82
154151  74
154158  82
154163  13
154165  13
154168  82
154169  13
154174  82
154175  82
154185  13
154187  82
154198  82
154204  13
154208  74
154210  82
154225  82
154232  82
154237  82
154238  13
154274  82
154275  13
154276  82
154302  13
154305  82
154322  13
154326  13
154335  82
154342  82
154362  82
154365  13
154367  82
154373  82
154390  82
154392  82
154393  82
154396  74
154400  82
154402  82
154407  82
154408  82
154416  74
154427  82
154428  82
154438  74
154439  74
154443  82
154446  82
154451  82
154454  13
154457  82
154461  82
154464  74
154493  13
154498  13
154504  82
154511  82
154537  82
154538  82
154539  82
154559  74
154562  13
154565  82
154566  82
154570  74
154573  82
154589  82
154600  74
154602  82
154603  74
154604  82
154617  74
154625  82
154626  13
154642  13
154644  13
154648  13
154652  13
154653  13
154655  13
154658  82
154666  82
154668  13
154677  82
154679  82
154680  82
154687  74
154691  82
154699  82
154703  82
154708  82
154712  82
154716  74
154730  82
154735  13
154752  74
154753  13
154757  82
154760  74
154767  82
154776  82
154785  82
154797  82
154804  13
154805  82
154807  13
154809  13
154819  74
154828  74
154845  82
154846  82
154857  13
154858  13
154868  82
154873  13
154880  13
154895  13
154898  74
154899  13
154913  74
154917  82
154922  82
154935  13
154948  82
154950  74
154954  13
154956  82
154958  74
154964  82
154980  74
154982  74
154986  82
155003  74
155010  13
155014  82
155019  82
155021  82
155030  74
155037  82
155056  13
155071  82
155074  82
155075  82
155086  82
155091  74
155094  82
155096  13
155103  82
155104  13
155106  13
155112  74
155124  74
155126  13
155133  82
155146  74
155159  82
155162  13
155165  74
155171  13
155178  13
155181  82
155184  74
155187  13
155196  82
155200  13
155204  13
155210  13
155214  82
155215  13
155216  13
155229  82
155250  82
155269  13
155276  74
155281  74
155285  82
155288  82
155296  13
155303  74
155305  13
155306  82
155318  82
155332  82
155334  13
155341  74
155342  13
155345  74
155380  74
155383  13
155385  13
155390  13
155393  13
155402  74
155407  13
155420  13
155421  82
155423  74
155433  74
155437  74
155442  13
155448  82
155454  82
155457  13
155459  74
155473  13
155485  82
155487  74
155493  13
155499  82
155536  74
155539  82
155550  13
155573  13
155574  74
155576  13
155585  74
155619  13
155659  13
155661  82
155684  82
155686  74
155702  74
155708  13
155721  82
155733  13
155734  13
155736  74
155738  13
155754  13
155760  74
155766  13
155793  13
155794  13
155795  13
155811  82
155812  13
155814  74
155818  82
155819  82
155841  74
155856  82
155857  13
155890  82
155919  13
155920  13
155924  13
155941  13
155952  13
155953  74
155967  13
155988  74
155991  13
155995  74
156004  13
156025  82
156031  13
156035  82
156036  74
156060  13
156063  74
156065  13
156076  13
156092  13
156111  82
156115  74
156133  13
156137  13
156139  13
156144  13
156160  13
156161  13
156164  74
156169  74
156175  13
156190  13
156191  74
156204  13
156223  13
156224  13
156230  13
156240  13
156245  13
156249  74
156253  74
156258  13
156260  74
156279  13
156287  74
156301  74
156328  74
156336  74
156341  74
156350  13
156354  74
156355  74
156376  74
156379  13
156381  13
156387  74
156388  74
156389  13
156391  74
156402  13
156403  13
156410  74
156416  13
156423  74
156429  74
156434  13
156437  13
156438  13
156447  13
156457  13
156458  13
156467  13
156482  13
156530  13
156561  13
156566  74
156587  13
156598  13
156600  74
156606  13
156613  13
156625  13
156627  13
156631  13
156640  74
156642  13
156644  74
156662  74
156667  13
156668  13
156686  74
156687  74
156697  13
156698  13
156716  74
156766  13
156769  13
156772  13
156780  13
156784  13
156785  74
156792  13
156807  74
156830  13
156839  13
156848  74
156854  13
156882  13
156884  74
156896  13
156898  74
156915  74
156922  13
156929  74
156935  13
156947  13
156963  13
157010  74
157018  13
157021  74
157022  13
157035  74
157036  74
157043  13
157044  74
157054  74
157056  74
157058  74
157064  13
157096  74
157099  74
157132  13
157142  74
157166  13
157195  13
157204  74
157206  13
157214  13
157216  74
157225  13
157235  74
157236  13
157246  74
157247  74
157261  13
157265  74
157269  13
157271  74
157276  74
157291  13
157302  13
157305  74
157312  74
157319  74
157321  13
157331  74
157336  74
157350  74
157351  13
157359  74
157361  74
157386  74
157396  13
157407  13
157434  74
157437  13
157439  13
157441  74
157468  74
157480  13
157485  13
157490  13
157493  74
157494  13
157503  13
157509  13
157511  13
157513  13
157518  13
157520  74
157529  13
157535  13
157557  13
157564  74
157603  13
157618  13
157620  13
157625  74
157639  13
157640  13
157655  74
157658  13
157660  74
157683  13
157695  13
157713  13
157726  74
157733  74
157744  13
157750  74
157756  13
157760  13
157761  13
157763  13
157783  13
157791  13
157806  13
157820  13
157822  13
157823  13
157826  13
157827  74
157840  13
157842  74
157844  13
157863  13
157897  13
157899  13
157904  13
157914  13
157917  13
157934  74
157935  74
157947  13
157950  13
157959  13
157971  13
157979  13
157986  74
157991  13
158000  13
158016  13
158019  13
158023  13
158025  13
158074  13
158087  13
158090  74
158094  13
158097  74
158105  13
158112  13
158136  13
158137  13
158146  13
158147  13
158151  13
158153  74
158171  13
158173  13
158184  74
158185  13
158194  13
158202  13
158209  74
158212  13
158230  13
158257  74
158258  13
158262  74
158266  13
158268  13
158269  74
158276  74
158279  13
158284  13
158305  13
158306  13
158314  13
158319  13
158321  74
158328  13
158358  13
158364  13
158371  13
158377  13
158382  13
158386  74
158401  13
158407  13
158422  13
158424  13
158430  74
158432  74
158436  13
158439  13
158440  74
158443  13
158445  13
158446  13
158454  13
158462  13
158484  13
158502  74
158517  13
158526  13
158539  13
158545  13
158568  74
158573  13
158576  13
158587  13
158599  13
158602  74
158606  13
158611  74
158625  13
158632  74
158634  13
158646  13
158649  74
158658  13
158661  13
158665  13
158666  74
158675  13
158685  74
158691  13
158698  74
158699  74
158701  13
158711  13
158713  13
158721  13
158725  13
158730  13
158737  74
158745  13
158746  13
158751  74
158753  13
158754  74
158768  13
158769  13
158778  74
158787  13
158792  13
158797  13
158801  13
158803  13
158806  74
158815  13
158822  74
158830  13
158833  74
158835  13
158837  74
158840  74
158847  74
158848  13
158853  13
158863  13
158867  74
158874  74
158876  74
158877  13
158880  13
158883  13
158885  74
158895  13
158904  13
158909  74
158911  13
158914  13
158915  13
158923  74
158926  13
158938  13
158940  74
158948  13
158951  74
158953  74
158962  74
158963  13
158967  74
158971  13
158973  74
158976  13
158978  13
158991  13
159001  13
159002  13
159003  13
159004  13
159021  13
159027  74
159030  74
159039  13
159043  74
159046  13
159048  74
159051  13
159053  13
159054  13
159058  13
159067  13
159069  74
159070  74
159072  74
159075  13
159076  74
159078  13
159083  74
159084  13
159090  13
159093  74
159105  74
159108  13
159115  74
159117  74
159122  13
159127  13
159132  74
159133  13
159143  13
159145  74
159152  13
159154  13
159155  13
159160  13
159168  74
159171  13
159177  74
159181  13
159186  74
159196  74
159197  13
159211  13
159220  13
159225  74
159237  74
159241  74
159250  13
159253  13
159258  74
159266  74
159281  13
159283  13
159293  74
159300  74
159303  74
159311  13
159322  13
159334  13
159335  13
159336  13
159344  13
159346  13
159349  13
159361  13
159363  74
159370  74
159381  13
159388  13
159396  13
159397  13
159398  13
159402  13
159413  13
159421  13
159422  13
159424  13
159429  74
159431  74
159432  74
159442  74
159444  13
159448  13
159449  13
159454  74
159459  74
159461  13
159467  74
159471  13
159475  74
159477  13
159478  74
159491  13
159494  74
159497  13
159498  13
159501  74
159506  74
159508  74
159525  13
159529  13
159532  74
159535  74
159536  13
159540  74
159545  74
159566  13
159580  13
159581  13
159585  13
159590  13
159593  13
159594  13
159617  13
159625  74
159628  13
159633  74
159645  13
159655  13
159659  13
159663  13
159669  13
159672  13
159676  13
159684  13
159685  13
159686  13
159697  13
159707  74
159708  74
159720  74
159746  13
159763  74
159769  74
159770  13
159771  13
159772  74
159784  74
159788  13
159789  13
159791  13
159795  74
159806  13
159813  74
159821  74
159824  13
159835  74
159837  13
159849  13
159855  13
159856  13
159859  13
159870  13
159872  13
159874  13
159878  74
159888  13
159892  13
159893  13
159900  74
159908  13
159909  74
159911  13
159923  74
159929  13
159930  74
159938  74
159947  74
159957  13
159970  13
159985  13
159986  74
159992  74
159997  13
159998  13
160017  13
160024  13
160061  74
160064  74
160078  74
160085  74
160098  74
160100  13
160101  74
160105  13
160114  13
160116  13
160122  13
160134  13
160138  13
160145  13
160152  74
160156  74
160162  13
160163  13
160164  74
160170  74
160181  13
160190  13
160192  74
160196  13
160201  13
160221  13
160230  13
160233  13
160234  13
160243  13
160245  13
160254  13
160256  74
160259  13
160262  13
160284  74
160291  13
160292  74
160299  13
160301  74
160315  74
160324  13
160331  74
160333  74
160341  74
160350  13
160351  13
160357  13
160361  74
160362  13
160392  74
160402  13
160413  13
160419  74
160433  74
160442  13
160498  13
160508  13
160523  13
160527  74
160532  13
160539  13
160541  13
160545  74
160551  13
160578  74
160579  13
160590  13
160607  13
160608  13
160612  13
160617  13
160645  13
160652  74
160655  13
160657  13
160670  13
160677  13
160679  74
160694  13
160702  13
160703  74
160710  13
160721  13
160722  74
160758  13
160794  13
160820  13
160827  74
160854  13
160855  13
160859  13
160864  13
160874  74
160883  74
160885  13
160889  13
160915  13
160924  13
160947  13
160953  13
160969  13
160992  13
161003  13
161037  74
161038  74
161047  13
161053  74
161066  74
161075  13
161081  13
161094  74
161103  13
161109  13
161122  74
161151  13
161172  13
161176  13
161185  13
161211  13
161227  13
161242  74
161245  13
161274  13
161286  13
161300  13
161302  74
161310  13
161317  13
161326  13
161328  74
161363  13
161392  74
161420  13
161444  13
161450  74
161461  13
161465  74
161467  13
161490  13
161518  13
161521  74
161562  13
161565  13
161578  13
161638  13
161646  74
161712  13
161797  13
161814  74
161878  13
161942  13
161984  13
162061  13
162139  74
162231  13
162278  13
153128  153761  10.00   139.70
153411  153816  9.56    101.29
153536  153907  5.89    89.30
153551  154134  0.00    143.09
153568  153657  0.00    19.61
153569  153828  9.00    54.92
153657  153678  10.00   99.51
153660  153187  2.00    103.56
153672  153144  4.67    115.27
153678  153610  9.33    106.69
153678  154064  0.00    117.42
153698  153828  3.00    66.07
153698  153961  0.00    62.20
153719  153761  0.00    21.56
153719  153397  3.00    77.93
153742  153970  7.67    123.34
153743  153569  3.00    96.54
153748  153985  4.67    64.80
153753  153333  7.50    97.61
153757  154150  0.00    141.75
153761  154169  0.00    105.46
153778  153920  1.67    110.38
153807  153743  10.56   95.62
153807  153279  7.10    113.96
153812  154107  5.00    82.20
153816  154149  11.86   99.45
153828  154046  3.00    57.20
153828  153979  3.00    98.47
153829  154130  8.78    83.05
153836  153807  10.00   60.32
153838  153647  0.00    59.23
153838  153734  0.00    41.26
153850  153501  8.57    90.99
153850  153765  0.00    48.70
153852  153778  0.00    18.36
153888  153816  10.72   82.42
153902  153359  3.74    125.69
153907  154106  7.33    52.66
153907  153954  9.74    104.06
153920  153579  4.16    81.07
153923  153829  6.22    73.28
153924  153458  3.00    122.39
153924  153598  8.67    77.69
153929  153923  0.00    5.19
153929  153602  2.00    80.08
153954  153984  7.71    104.06
153955  153629  5.33    75.04
153961  153970  0.00    13.75
153965  153838  0.00    59.18
153965  153629  4.27    89.00
153970  154118  3.00    40.52
153976  153748  10.50   113.32
153976  154187  10.00   57.89
153977  153429  3.00    130.69
153979  153988  5.63    97.41
153984  154198  10.86   56.73
153985  154237  8.06    66.97
153988  153984  1.00    11.40
153988  153807  3.00    48.14
154000  153929  6.86    57.57
154002  153850  15.75   48.86
154002  153852  11.00   102.76
154014  154095  2.00    61.53
154014  153719  3.00    74.44
154046  153961  7.25    67.97
154046  154210  20.00   46.65
154086  154275  0.00    51.64
154086  153660  4.00    103.55
154086  153753  0.00    96.77
154094  154365  0.00    92.73
154095  154149  13.25   44.91
154095  153924  10.00   43.49
154106  153888  10.59   84.64
154106  154498  10.81   109.36
154107  154416  7.53    115.11
154107  154151  2.88    135.64
154117  153588  1.00    129.98
154118  154538  1.67    122.08
154118  153976  7.88    113.20
154125  153852  6.50    74.38
154125  153992  0.00    105.66
154130  154438  9.00    83.10
154133  154134  0.00    15.19
154133  153672  0.00    115.16
154134  154146  0.00    4.03
154137  153902  7.75    131.83
154142  153657  4.40    132.97
154146  154185  0.00    12.10
154146  154165  0.00    11.84
154148  153920  3.00    62.27
154149  154094  0.00    90.29
154150  153603  3.00    142.30
154163  154133  7.25    9.36
154165  154086  3.00    31.19
154165  154185  0.00    13.76
154168  153733  3.43    111.59
154169  154322  0.00    40.86
154169  154085  0.00    58.11
154174  153965  5.50    66.03
154175  154046  0.00    104.27
154184  154305  0.00    87.13
154185  154204  0.00    7.19
154187  153985  10.20   119.18
154198  154400  0.00    54.05
154198  154175  2.00    103.93
154204  154163  5.36    18.45
154208  154000  1.89    74.67
154210  154538  10.00   84.35
154210  154118  6.50    75.41
154225  153955  2.50    75.04
154225  154174  7.83    126.72
154232  154150  3.00    24.63
154232  154392  3.00    74.99
154237  154393  3.00    40.21
154237  154373  5.33    83.57
154238  154454  0.00    58.34
154238  154106  3.64    106.50
154274  154210  6.50    45.96
154275  154807  0.00    143.52
154276  154148  3.00    101.91
154276  154232  8.67    13.55
154302  154238  5.90    52.26
154305  154008  0.00    92.57
154310  154392  0.00    25.03
154322  154163  6.25    122.04
154326  154655  20.00   97.04
154326  154014  0.00    82.46
154326  154322  0.00    30.76
154335  154125  0.00    57.65
154335  154002  13.33   99.95
154342  154305  0.00    8.52
154362  154274  7.31    54.75
154362  154407  10.00   102.79
154367  154335  8.86    42.32
154367  154342  0.00    8.76
154374  154326  15.00   62.58
154390  154342  0.00    52.17
154390  154367  7.92    53.69
154392  154573  0.00    55.08
154392  154604  3.00    143.61
154393  154446  0.00    15.22
154393  154158  0.00    128.79
154400  154302  10.33   79.43
154402  154390  0.00    24.86
154402  154174  7.67    70.80
154407  154400  3.00    5.97
154408  153902  2.25    135.21
154408  154457  1.00    59.93
154416  154716  11.00   100.34
154416  154396  9.00    78.90
154427  154402  7.00    40.89
154427  154539  26.67   90.22
154428  154276  0.00    43.93
154428  154573  10.00   71.69
154438  154603  1.00    61.08
154438  154760  5.40    85.44
154439  154208  6.50    75.47
154443  154427  3.00    35.29
154446  154604  8.50    38.97
154446  154565  10.00   55.36
154451  154148  3.80    84.56
154457  153977  2.50    130.70
154457  154461  0.00    5.19
154461  154511  3.00    45.80
154464  153923  17.86   146.56
154493  154753  9.50    122.34
154493  154899  9.39    148.23
154498  154857  8.45    101.79
154498  154493  9.61    67.93
154504  154408  3.00    24.65
154504  154137  6.78    132.55
154511  154225  6.75    75.28
154511  154443  3.00    101.24
154537  154335  15.00   60.74
154538  154699  3.00    53.37
154539  154402  7.67    38.53
154559  154439  1.67    69.73
154559  154000  4.54    147.54
154560  154626  0.00    22.71
154562  154648  0.00    110.52
154565  154566  8.55    145.99
154566  154187  8.70    149.68
154570  154168  3.00    111.00
154573  154776  6.50    103.43
154589  154680  7.05    30.96
154600  154439  2.00    49.63
154600  154752  3.00    90.05
154602  154537  0.00    64.52
154603  154117  6.50    129.93
154603  154570  10.00   58.12
154604  154679  2.00    29.01
154617  154504  3.00    29.38
154617  154666  4.67    76.59
154625  154668  7.67    88.33
154625  154362  5.50    70.45
154626  154804  10.00   81.33
154627  154562  0.00    110.24
154637  154443  0.00    52.84
154642  154648  0.00    109.81
154644  154302  10.00   95.64
154648  154653  0.00    108.63
154649  154642  0.00    109.81
154655  155056  16.00   129.51
154658  154797  8.60    65.28
154658  154565  10.00   29.25
154666  154461  1.00    54.06
154668  154407  11.20   74.67
154668  154644  10.67   78.82
154677  154658  4.82    7.48
154679  154677  0.00    18.25
154687  154617  3.00    22.97
154691  154699  6.54    17.72
154699  154708  8.00    8.52
154703  154428  0.00    85.23
154708  154730  10.00   21.93
154708  154274  10.00   117.19
154712  154964  11.50   120.70
154712  154451  5.13    83.19
154712  154537  8.50    59.13
154730  154757  0.00    33.83
154735  154644  0.00    21.80
154752  154559  20.00   52.10
154753  154655  6.00    46.81
154757  154625  1.00    35.94
154757  154767  11.50   15.77
154760  155030  3.00    85.44
154767  154986  0.00    78.01
154767  154895  11.50   74.97
154776  154679  11.00   104.00
154785  154602  0.00    51.82
154785  154712  5.80    86.63
154786  154819  3.31    57.04
154797  154868  8.36    47.77
154797  155014  10.84   76.97
154801  154735  3.00    50.37
154804  154857  7.00    79.25
154805  154785  2.60    37.72
154805  154539  10.50   84.57
154807  155187  0.00    140.67
154809  154735  0.00    28.07
154809  154626  10.00   82.21
154819  154898  1.81    80.43
154828  154687  7.14    124.67
154845  154805  6.26    111.30
154846  155074  6.71    78.15
154846  155037  8.92    131.72
154857  154899  4.67    16.20
154858  154753  0.00    41.82
154858  155096  0.00    134.99
154868  154948  7.91    48.32
154868  155103  9.33    81.58
154873  154935  9.53    90.47
154873  154809  10.00   23.25
154880  154858  4.00    42.28
154880  154655  0.00    65.67
154895  155106  7.67    76.28
154898  154600  1.50    107.78
154898  154913  3.92    10.40
154899  155010  3.82    40.54
154905  154703  50.00   84.11
154913  155303  5.71    130.97
154913  155091  2.80    109.72
154917  154511  8.67    119.58
154917  154845  2.43    111.67
154922  154677  4.33    81.68
154927  155162  6.63    89.89
154935  155010  8.30    90.47
154948  154691  4.10    140.79
154950  154570  3.00    116.71
154950  154603  4.67    142.19
154954  154652  0.00    126.46
154956  154730  9.00    80.31
154957  154873  9.13    25.35
154958  155146  3.00    87.04
154958  154687  7.00    92.03
154964  155019  3.75    120.97
154980  154666  9.00    92.17
154982  154464  2.00    146.64
154986  155200  10.00   78.01
155003  154950  3.00    13.87
155003  154828  2.20    125.45
155010  155204  6.67    67.60
155014  155214  6.17    76.47
155019  155086  2.00    121.19
155021  154846  10.36   71.32
155030  154982  2.50    55.17
155037  155485  10.67   136.05
155048  154982  0.00    20.40
155056  155383  6.50    128.18
155071  154964  0.00    32.12
155071  155229  0.00    149.75
155074  155288  12.60   78.84
155075  154691  7.78    129.52
155091  155112  3.57    10.50
155091  155402  3.89    103.43
155094  154680  9.00    129.87
155096  155126  3.00    40.10
155103  155306  10.67   81.19
155106  155178  0.00    28.43
155106  155200  0.00    73.28
155109  155030  6.67    90.66
155109  155003  1.50    38.62
155112  155276  3.50    94.77
155112  154752  3.00    114.37
155124  154917  6.00    75.57
155126  154880  20.00   74.55
155133  154922  6.97    80.40
155146  155437  7.14    90.31
155159  155021  10.00   57.82
155159  155133  6.78    51.43
155162  155493  3.50    117.17
155165  154958  6.40    87.10
155178  155305  6.00    80.55
155178  155269  3.00    31.64
155181  155285  11.20   37.59
155181  154956  6.67    80.31
155184  154819  7.67    125.35
155187  155342  0.00    56.06
155187  155216  0.00    80.15
155196  155159  5.50    39.70
155196  155499  0.00    94.77
155200  155215  0.00    15.86
155204  155420  4.12    65.33
155204  155210  9.22    86.92
155210  155104  10.00   33.02
155210  155390  10.04   136.96
155214  155306  10.00   49.12
155214  155133  8.25    32.66
155215  155181  0.00    36.94
155216  154954  0.00    126.07
155216  155342  0.00    66.18
155229  155421  0.00    77.38
155241  154980  5.50    91.14
155250  155229  0.00    97.95
155250  155071  0.00    58.78
155269  155171  1.00    47.03
155269  155296  7.80    12.69
155276  155341  6.49    101.16
155276  155574  8.83    99.53
155296  155393  0.00    36.26
155303  155459  7.25    45.06
155303  155184  9.80    89.80
155305  155215  0.00    40.78
155306  155332  10.91   141.14
155318  155021  11.00   109.10
155332  154948  9.38    141.03
155334  155305  6.40    10.07
155341  155380  4.42    40.66
155342  155659  0.00    106.88
155342  155619  0.00    132.05
155380  155423  4.33    52.61
155380  155165  3.75    87.10
155383  155385  0.00    10.64
155385  155390  1.00    40.83
155385  155126  20.00   82.22
155390  155407  2.00    76.12
155393  155576  10.00   64.47
155393  155162  7.80    118.63
155402  155702  4.87    103.43
155407  155420  16.67   102.25
155407  155794  9.25    136.73
155420  155573  7.57    46.79
155421  155454  0.00    73.57
155423  155814  6.10    135.94
155423  155437  7.63    46.31
155433  155124  8.80    108.97
155437  155487  8.08    107.21
155442  155334  0.00    38.74
155442  155296  3.00    73.26
155443  155075  6.50    129.11
155448  155196  11.00   83.89
155454  155250  0.00    58.31
155457  155766  0.00    128.91
155457  155334  3.00    56.30
155459  155281  0.00    118.22
155459  155536  10.25   25.81
155485  155094  9.50    129.08
155487  155124  6.22    118.91
155487  155585  5.63    83.61
155493  155573  9.00    112.98
155499  155684  3.00    93.35
155536  155345  1.67    122.39
155536  155841  4.67    111.58
155539  155818  0.00    125.52
155550  155457  5.67    50.80
155550  155708  11.00   71.18
155573  155754  7.54    62.49
155574  155988  6.82    148.30
155574  155686  4.00    99.54
155576  155733  8.17    60.80
155576  155473  5.50    60.36
155585  155760  4.90    85.88
155619  155793  0.00    130.16
155659  155952  0.00    106.88
155661  155485  10.00   87.46
155661  155318  9.00    110.31
155684  155448  7.27    84.92
155686  155341  6.67    117.72
155686  155814  6.50    90.92
155702  155995  7.75    103.08
155708  155795  4.40    32.23
155721  155684  0.00    12.21
155721  155661  0.00    33.14
155733  155734  3.00    93.30
155734  155754  2.00    93.34
155736  155454  0.00    98.09
155738  155442  10.00   121.65
155738  155766  5.50    66.13
155754  155991  8.50    74.71
155760  155433  1.50    110.88
155760  156063  4.30    137.66
155766  155795  0.00    56.34
155793  155967  0.00    131.43
155794  156137  9.90    135.67
155795  155941  11.00   48.38
155811  155539  0.00    125.55
155812  155941  1.00    133.21
155812  155738  11.50   19.90
155812  155920  2.00    80.00
155814  156115  5.33    111.07
155818  156160  0.00    128.52
155819  155890  0.00    88.70
155819  156035  10.00   77.21
155842  156036  0.00    82.62
155857  155550  8.67    133.77
155890  156164  0.00    93.14
155916  155953  0.00    26.90
155919  156004  0.00    80.78
155920  155733  3.00    59.75
155920  156004  9.43    57.26
155924  155708  5.33    92.06
155924  156060  0.00    57.27
155941  156031  0.00    28.23
155952  156230  0.00    106.55
155953  155686  9.30    91.44
155988  156391  2.67    148.45
155991  155919  12.20   78.48
155991  156144  9.82    52.37
155995  156249  6.40    92.65
155995  155841  4.91    112.19
156004  156190  8.00    132.34
156009  156076  10.00   22.32
156025  155856  0.00    57.23
156025  155819  10.00   99.55
156026  155811  0.00    126.16
156031  156060  5.40    43.76
156035  156260  6.50    76.96
156036  155736  0.00    98.37
156060  156175  2.50    57.25
156063  156253  2.00    134.43
156065  156161  0.00    54.24
156065  155812  3.00    84.47
156076  156139  7.33    58.87
156092  156031  0.00    24.24
156092  156076  10.00   50.24
156111  156025  10.00   42.92
156111  155721  5.20    143.96
156115  156410  11.15   111.07
156133  156065  0.00    22.62
156137  156190  3.00    39.34
156139  156133  5.33    14.88
156144  156137  10.00   30.97
156144  156190  0.00    15.39
156160  156416  0.00    125.09
156164  156036  20.00   120.86
156164  156287  0.00    43.45
156169  155953  6.50    79.93
156175  156403  9.50    99.74
156190  156204  3.00    4.65
156204  156279  1.00    26.78
156204  156258  3.00    30.45
156209  155924  0.00    118.85
156223  155857  5.14    135.71
156224  156389  9.00    102.10
156240  156223  7.40    130.50
156249  156191  0.00    42.34
156249  156328  4.25    30.32
156253  156355  8.00    133.15
156258  156402  4.00    82.79
156260  156336  0.00    26.13
156260  156111  3.00    78.96
156279  156258  0.00    36.59
156279  156389  5.90    46.66
156287  156354  0.00    34.57
156301  156260  1.00    25.45
156301  156336  0.00    15.76
156336  156387  5.50    19.30
156354  156301  0.00    21.10
156355  156287  0.00    28.73
156355  156376  3.29    35.89
156376  156387  0.00    30.36
156376  156354  0.00    11.30
156379  156133  2.33    101.01
156381  156245  4.00    86.86
156387  156416  2.76    86.91
156388  156169  3.00    79.93
156388  156423  0.00    38.09
156389  156613  20.00   108.66
156391  156341  0.00    41.37
156391  156600  7.00    86.80
156402  156627  9.40    85.95
156403  156668  10.13   101.70
156410  156687  5.83    111.07
156416  156437  6.25    42.48
156429  156388  0.00    18.96
156429  156640  11.50   122.32
156434  156224  4.40    75.02
156437  156530  3.30    86.77
156437  156240  6.80    132.15
156438  156458  3.00    27.81
156438  156092  6.75    123.05
156447  156438  0.00    42.73
156447  156175  10.00   126.33
156482  156139  4.00    123.67
156513  156447  1.00    30.53
156530  156606  3.00    86.22
156561  156625  0.00    92.06
156561  156697  0.00    99.99
156587  156350  2.00    98.87
156598  156561  0.00    89.08
156600  156785  7.67    86.77
156606  156668  3.00    68.27
156606  156457  0.00    56.31
156613  156896  7.86    111.45
156625  156667  0.00    91.49
156627  156381  6.00    91.79
156627  156882  11.25   123.44
156631  156379  2.00    102.72
156639  156929  10.00   113.39
156639  156640  0.00    3.71
156640  156662  0.00    26.17
156642  156598  0.00    89.12
156642  156434  3.45    75.20
156644  156429  6.50    84.47
156644  156686  0.00    44.13
156662  156644  0.00    7.35
156667  156642  0.00    8.46
156668  156922  4.67    107.92
156668  156698  6.75    42.61
156686  156566  10.00   56.04
156687  156915  15.75   95.60
156687  156716  0.00    41.32
156697  156947  0.00    103.87
156698  156467  0.00    102.75
156698  156769  8.00    111.75
156701  156785  9.83    93.82
156766  156784  8.00    34.06
156769  156766  0.00    48.47
156772  156963  15.75   107.26
156780  156766  0.00    20.38
156780  156769  3.00    29.42
156784  156854  5.33    60.65
156784  156482  9.00    123.13
156785  156807  11.50   135.80
156785  156884  0.00    67.54
156792  156772  3.00    103.43
156792  156780  2.70    37.40
156830  156780  3.00    53.83
156830  156792  3.00    89.25
156839  156631  4.67    101.73
156839  156587  3.00    99.91
156848  156662  6.50    77.37
156854  156830  4.25    58.29
156882  156854  5.50    94.65
156882  156839  0.00    14.68
156896  157225  8.00    139.22
156898  156686  0.00    82.95
156915  157142  8.67    96.10
156922  156963  0.00    21.24
156935  156667  0.00    121.86
156947  157195  1.00    103.40
156963  157018  11.25   23.51
157018  156922  0.00    42.29
157018  157064  0.00    16.30
157022  156896  3.00    83.07
157035  157099  8.36    106.95
157035  157204  8.67    72.93
157042  157056  0.00    10.42
157043  157166  10.00   132.24
157051  157331  8.67    110.77
157054  156848  3.00    77.62
157054  157035  4.36    35.38
157056  157021  0.00    10.92
157064  157043  10.29   130.90
157064  157407  2.50    150.43
157096  157054  0.00    31.39
157096  156898  10.00   82.34
157142  157096  3.00    34.11
157166  157247  1.00    83.78
157195  157302  3.56    107.81
157204  157216  3.00    6.01
157206  157195  0.00    11.17
157214  157535  0.00    112.03
157214  157132  7.40    70.68
157216  157235  0.00    8.80
157225  157490  10.33   90.75
157225  157022  3.00    85.86
157235  157493  6.75    100.42
157236  156935  10.75   123.44
157246  157204  10.80   79.18
157247  157518  0.00    122.40
157247  157265  3.00    18.39
157261  157269  2.00    133.11
157265  157058  0.00    84.99
157265  157271  0.00    7.54
157269  157321  3.00    75.41
157271  157305  11.50   38.93
157271  157361  0.00    32.56
157276  157246  6.22    79.08
157291  157214  6.00    99.65
157302  157618  15.00   123.04
157302  157439  11.00   108.87
157305  157056  0.00    103.88
157305  157319  0.00    12.85
157312  157036  0.00    109.48
157312  157336  0.00    89.69
157319  157350  1.00    30.16
157319  157564  0.00    81.19
157321  157291  11.00   105.36
157331  157312  3.00    92.13
157331  157726  0.00    136.72
157336  157386  0.00    59.68
157336  157010  0.00    129.95
157350  157044  0.00    125.52
157350  157331  3.00    98.60
157351  157261  10.00   117.00
157351  157683  8.83    114.60
157396  157206  0.00    85.78
157407  157713  9.71    147.26
157434  157142  7.88    120.73
157437  157485  0.00    49.53
157437  157261  6.00    63.13
157439  157494  0.00    70.98
157441  157312  0.00    44.37
157468  157216  13.33   110.90
157468  157276  11.33   112.88
157480  157511  0.00    120.00
157480  157437  10.00   13.27
157490  157503  0.00    144.09
157490  157639  15.40   47.70
157493  157733  11.00   100.44
157494  157509  0.00    62.52
157494  157756  0.00    94.83
157503  157557  0.00    117.67
157509  157351  3.00    113.03
157509  157863  10.60   129.86
157511  157529  0.00    37.07
157518  157166  10.00   125.15
157520  157441  0.00    87.91
157520  157336  0.00    57.89
157529  157269  0.00    85.69
157535  157844  0.00    110.26
157535  157513  0.00    70.90
157557  157640  0.00    117.78
157561  157520  0.00    58.57
157603  157236  10.33   124.06
157603  157396  10.00   85.09
157618  157897  0.00    123.04
157620  157291  7.67    107.73
157625  157468  8.67    60.41
157625  157359  7.00    149.26
157639  157744  20.00   47.95
157640  157503  0.00    44.92
157640  157639  3.00    136.16
157655  157468  11.50   92.99
157655  157235  9.00    139.98
157658  157321  10.00   108.65
157660  157441  10.00   70.69
157677  157660  0.00    80.96
157677  157520  0.00    56.91
157678  157750  2.00    53.13
157683  157971  0.00    101.51
157683  157979  0.00    126.49
157713  158000  20.00   146.64
157733  157434  5.80    120.99
157744  157760  0.00    4.38
157744  157603  8.00    107.05
157750  157625  11.50   61.93
157750  157986  3.72    129.96
157756  157806  0.00    17.18
157756  158023  2.00    106.51
157760  157947  4.33    111.35
157760  158087  8.33    109.30
157761  157439  0.00    133.82
157763  157603  10.00   69.27
157763  157897  0.00    58.50
157783  157695  0.00    112.36
157806  158112  20.00   101.53
157806  157863  0.00    104.83
157820  157791  0.00    57.05
157822  157480  8.88    123.75
157823  157820  0.00    3.13
157826  157823  0.00    8.07
157826  157529  10.00   107.21
157827  157625  5.83    130.20
157827  157655  6.50    66.73
157842  157827  3.00    3.79
157863  157904  0.00    17.60
157897  158094  5.50    107.81
157899  157783  0.00    112.65
157904  158146  0.00    81.12
157904  158173  10.00   89.98
157917  157620  5.50    107.75
157926  158097  3.00    98.96
157934  157733  4.75    77.74
157934  157827  5.33    63.61
157935  158090  3.00    75.28
157947  158147  5.40    111.95
157950  157840  10.50   118.83
157950  158136  0.00    62.89
157959  157658  10.00   108.42
157971  158258  1.00    101.65
157986  158153  4.25    99.21
157986  157842  7.20    57.67
157991  157760  4.50    107.09
158000  158151  0.00    76.51
158000  158209  6.61    133.78
158016  157950  0.00    63.05
158016  157914  0.00    39.64
158019  157763  20.00   112.07
158023  158279  0.00    106.59
158025  157899  0.00    112.53
158074  157826  10.00   84.26
158087  158443  1.40    130.65
158094  157761  10.25   133.82
158094  158279  0.00    108.61
158097  158269  4.86    99.19
158112  158401  10.00   101.51
158132  158136  0.00    44.74
158136  158137  0.00    78.10
158137  158358  0.00    78.80
158137  158025  0.00    112.54
158146  158377  0.00    81.17
158147  158319  6.06    111.25
158151  158284  10.00   76.05
158153  158386  4.75    101.75
158171  157822  9.40    123.04
158171  158328  4.71    136.16
158173  158422  5.50    90.01
158184  157934  5.58    106.67
158185  158194  10.20   110.18
158194  158230  6.50    110.86
158194  158576  10.00   130.62
158202  158019  1.00    109.83
158209  158276  10.13   131.11
158212  158171  3.53    34.95
158230  158268  15.00   110.71
158230  157917  10.00   107.73
158258  158212  9.20    27.27
158262  158257  3.00    90.61
158263  158305  0.00    123.79
158266  158087  4.00    104.65
158266  158105  0.00    55.54
158268  158314  3.00    106.20
158268  157959  3.00    108.42
158269  158602  2.33    122.79
158269  158262  11.50   47.45
158276  158321  3.00    130.91
158279  158401  6.40    100.66
158284  158016  0.00    97.43
158305  158358  0.00    123.89
158306  157991  6.92    110.90
158306  158371  0.00    66.14
158314  158328  0.00    7.15
158314  158074  10.00   83.95
158319  158382  5.71    83.07
158321  158440  2.33    131.81
158328  158701  6.80    133.46
158358  158753  0.00    134.98
158358  158364  0.00    87.86
158364  158284  0.00    88.82
158377  158436  0.00    18.61
158382  158407  0.00    18.30
158382  158730  5.33    120.50
158386  158698  3.15    104.62
158401  158462  10.00   18.19
158401  158377  0.00    110.76
158407  158202  3.25    110.37
158407  158462  4.86    58.80
158422  158258  5.40    116.34
158430  158262  5.60    103.18
158432  158184  6.46    107.16
158436  158445  20.00   21.31
158439  158422  0.00    13.54
158439  158661  6.50    76.93
158440  158568  8.67    120.57
158443  158830  20.00   130.90
158445  158454  0.00    20.79
158446  158436  0.00    53.03
158446  158792  9.00    112.79
158454  158439  5.60    18.53
158462  158446  0.00    58.74
158462  158713  9.45    87.72
158484  158306  8.63    78.96
158502  158611  6.50    37.54
158502  158602  6.14    65.07
158517  158454  0.00    20.64
158517  158445  0.00    34.72
158526  158424  5.50    45.47
158526  158319  11.50   84.52
158539  158230  0.00    102.63
158545  158185  11.50   120.19
158568  158666  6.75    120.33
158573  158484  10.00   70.71
158576  158976  10.00   130.65
158587  158573  10.00   79.53
158589  158430  19.20   102.94
158599  158266  9.80    114.25
158602  158737  3.00    46.53
158606  158526  3.00    39.68
158611  158847  9.83    74.74
158625  158212  8.44    145.31
158632  158649  0.00    119.07
158634  158268  0.00    124.44
158645  158502  8.17    138.96
158646  158587  5.41    79.86
158649  158745  1.00    119.53
158658  158646  0.00    9.78
158658  158665  6.89    44.89
158661  158675  10.00   16.23
158661  158768  0.00    36.86
158665  158725  0.00    22.37
158665  158721  2.00    85.55
158666  158778  5.14    120.20
158675  158517  0.00    57.86
158685  158602  5.33    41.24
158685  158822  15.00   61.33
158691  158675  0.00    11.32
158698  158432  4.00    107.49
158698  158754  4.25    18.39
158699  158632  1.67    119.39
158701  158971  4.25    128.56
158711  159002  1.67    120.67
158711  158625  9.38    80.10
158713  158991  6.50    87.74
158721  158787  0.00    85.55
158725  158658  5.50    43.11
158730  159090  6.40    120.51
158737  158685  0.00    42.40
158737  158951  3.00    65.71
158746  158745  0.00    5.12
158746  158815  3.00    89.25
158751  158699  7.91    97.21
158753  158769  0.00    82.22
158754  158867  20.00   34.03
158768  158835  10.00   18.66
158769  158787  0.00    82.34
158778  158837  0.00    35.24
158778  158953  3.00    81.92
158787  158863  0.00    105.10
158792  158691  10.00   91.51
158797  158675  0.00    37.02
158797  158768  3.00    14.51
158801  158753  0.00    76.91
158803  158797  0.00    6.31
158803  158691  0.00    36.40
158806  158611  2.00    109.36
158815  158853  0.00    89.02
158816  158792  0.00    24.08
158822  158754  3.50    16.58
158830  159181  6.33    130.74
158833  158822  0.00    3.89
158835  158978  10.00   50.56
158835  158711  10.00   79.53
158837  158876  0.00    18.77
158840  158440  4.67    144.91
158840  158751  7.67    97.32
158847  159105  7.22    136.16
158847  158951  0.00    53.99
158848  158539  7.25    102.62
158853  158801  0.00    77.15
158863  158883  0.00    104.60
158867  158885  0.00    7.44
158867  158837  0.00    26.00
158874  158833  6.65    15.95
158874  158867  3.07    8.49
158876  158940  7.25    28.10
158876  158885  0.00    13.20
158877  158914  0.00    42.44
158877  158606  3.00    104.28
158880  159003  0.00    47.39
158880  158803  10.00   75.57
158883  158904  0.00    104.60
158885  158940  0.00    17.66
158885  158874  0.00    7.00
158895  158545  7.83    120.13
158904  158853  0.00    18.21
158904  158926  0.00    71.95
158909  158840  11.50   108.61
158911  158484  10.00   142.85
158915  158599  1.00    112.56
158923  158874  0.00    17.39
158923  158833  0.00    29.63
158926  158938  1.00    11.95
158938  158746  0.00    108.47
158938  159053  0.00    139.74
158940  158973  0.00    16.05
158948  158573  10.00   125.96
158951  159076  8.67    91.37
158953  158962  0.00    30.26
158962  158909  26.00   85.03
158963  158725  2.00    90.64
158967  159072  0.00    138.51
158971  159001  1.40    26.91
158971  159054  0.00    101.94
158973  158923  1.00    17.72
158973  159083  0.00    41.67
158974  158646  6.60    124.29
158976  158895  6.50    112.75
158976  159152  3.00    63.78
158978  159039  4.17    24.08
158991  158880  11.43   120.30
158998  158806  6.50    110.26
159001  158634  10.00   124.44
159001  159084  11.57   48.97
159021  159004  20.00   39.73
159027  158953  3.00    28.46
159027  158962  11.50   31.01
159030  159043  0.00    19.88
159030  158699  0.00    116.23
159039  159253  7.15    68.01
159043  159070  0.00    12.86
159046  159075  7.00    96.74
159046  158625  7.43    149.56
159048  159117  2.00    88.36
159048  159030  7.00    8.23
159053  158967  0.00    138.61
159054  159197  9.15    84.44
159054  159058  10.00   25.18
159058  159046  11.83   61.87
159067  158991  1.50    77.30
159069  159048  0.00    10.87
159070  159069  2.80    2.73
159072  159043  0.00    24.69
159075  158978  7.36    98.51
159076  159093  10.00   88.44
159078  158895  9.00    63.17
159078  159021  3.92    73.34
159083  159076  0.00    21.77
159083  159225  1.00    48.66
159084  159143  2.32    83.31
159084  159311  7.30    76.67
159090  159108  11.50   49.41
159093  159105  9.80    88.44
159105  159258  10.00   51.64
159108  158877  0.00    79.82
159108  159127  1.67    63.89
159115  159072  4.67    30.29
159117  159145  0.00    44.23
159122  159067  0.00    76.45
159122  159090  0.00    11.74
159132  159070  0.00    18.37
159133  159039  7.67    46.31
159143  158848  4.67    102.64
159143  159152  3.04    113.34
159145  159177  3.00    44.87
159152  159078  4.35    110.06
159154  159361  3.00    128.94
159154  159133  11.54   30.61
159155  159160  9.20    120.25
159155  158948  7.75    72.91
159160  158963  0.00    123.07
159168  159115  0.00    23.50
159168  159132  0.00    45.69
159171  159122  3.00    17.79
159177  159540  2.00    120.40
159177  159196  10.00   35.56
159181  159422  3.00    84.03
159186  159115  0.00    53.23
159196  159237  3.00    42.99
159197  159311  7.00    83.49
159211  158911  10.75   138.56
159211  159155  15.00   33.24
159220  158915  3.00    113.13
159225  159241  9.43    91.54
159225  159303  0.00    23.08
159237  159266  1.00    35.11
159241  159258  10.00   91.54
159250  159154  2.93    110.76
159253  159593  7.50    109.30
159258  159459  7.00    112.44
159266  159370  7.00    125.33
159266  158909  2.00    123.73
159281  159211  0.00    22.94
159283  159181  1.00    93.87
159293  159186  0.00    46.52
159300  159168  0.00    50.42
159300  159132  0.00    55.77
159303  159431  0.00    43.77
159311  159397  15.00   26.89
159322  159021  8.73    112.05
159334  159220  0.00    81.06
159334  159171  3.00    108.95
159335  159281  0.00    30.28
159335  159402  0.00    22.53
159344  158963  8.50    129.93
159344  159497  10.00   67.13
159346  159253  10.00   112.47
159349  159396  0.00    16.58
159349  159051  10.00   132.53
159361  159133  8.83    85.63
159361  159585  3.00    69.36
159363  159117  0.00    85.72
159370  159027  10.00   116.16
159370  159442  10.00   77.76
159381  159281  5.50    40.54
159381  159335  1.00    41.81
159388  159448  6.57    109.96
159388  159491  0.00    33.54
159388  159171  10.00   69.41
159396  159283  3.00    94.30
159397  159581  3.00    59.31
159397  159449  4.89    121.30
159398  159336  0.00    58.30
159398  159424  11.50   38.87
159398  159322  11.50   96.62
159402  159349  0.00    33.33
159402  159444  0.00    12.14
159413  159058  9.20    125.53
159421  159580  0.00    130.74
159422  159645  6.50    76.92
159429  159303  0.00    41.73
159429  159431  0.00    20.34
159431  159454  0.00    5.35
159432  159186  0.00    99.20
159432  159535  0.00    38.52
159442  159478  0.00    77.43
159444  159396  1.67    38.65
159444  159617  0.00    62.31
159448  159250  3.00    112.87
159449  159143  4.75    98.55
159449  159461  3.00    76.47
159454  159478  3.00    14.59
159454  159506  3.00    21.39
159459  159494  9.31    108.25
159461  159471  3.00    76.47
159467  159293  0.00    69.16
159467  159432  10.00   21.96
159471  159594  0.00    59.79
159471  159322  8.10    80.54
159475  159370  4.40    102.58
159477  159421  11.50   145.37
159478  159501  0.00    9.93
159491  159477  3.00    67.24
159494  159429  3.00    19.11
159497  159498  0.00    98.61
159498  159381  0.00    99.34
159499  159398  4.00    32.24
159501  159763  0.00    117.20
159501  159508  0.00    6.78
159506  159494  0.00    8.99
159506  159532  0.00    20.51
159508  159795  0.00    95.85
159508  159506  0.00    12.56
159525  159346  0.00    100.50
159529  159422  2.00    83.90
159532  159900  5.50    135.61
159532  159494  0.00    14.29
159535  159986  0.00    141.05
159535  159784  0.00    84.33
159536  159220  8.86    104.60
159536  159590  0.00    51.27
159540  159909  0.00    120.34
159546  159545  0.00    23.98
159546  159145  0.00    130.88
159580  159908  0.00    99.31
159581  159824  3.00    70.79
159585  159580  0.00    55.54
159589  159237  0.00    115.86
159593  159872  1.00    82.16
159593  159585  10.00   54.77
159617  159529  1.00    84.06
159625  159300  3.00    129.51
159625  159363  3.00    85.75
159628  159449  3.00    60.77
159628  159581  10.00   144.55
159633  159196  8.67    144.21
159645  159746  20.00   82.78
159645  159788  4.67    37.12
159655  159388  1.00    108.23
159659  159697  0.00    65.78
159659  159421  0.00    75.26
159663  159655  0.00    5.90
159669  159471  6.75    72.93
159669  159628  0.00    108.88
159672  159685  0.00    59.38
159672  159497  0.00    62.21
159676  159663  0.00    31.18
159676  159491  3.00    61.04
159684  159566  0.00    42.16
159684  159617  0.00    49.32
159686  159911  0.00    112.76
159686  159344  10.00   123.73
159697  159892  10.00   54.65
159697  159789  3.00    82.08
159703  159676  0.00    8.43
159707  159633  10.00   85.49
159707  159475  10.50   105.69
159708  159467  0.00    87.83
159720  159772  0.00    78.88
159746  159856  10.00   82.97
159763  160192  20.00   132.06
159763  159720  20.00   78.46
159769  159813  2.00    55.46
159769  159707  3.00    15.01
159770  159346  7.40    126.68
159771  159672  0.00    32.20
159771  159911  0.00    55.71
159772  159835  0.00    19.37
159772  159813  0.00    23.77
159784  160064  5.33    85.69
159788  159806  11.50   8.13
159788  159536  6.50    133.76
159789  159859  0.00    123.97
159789  159477  10.00   93.20
159791  159874  5.60    90.27
159791  159334  0.00    141.13
159792  159684  10.33   68.19
159795  159992  3.00    95.69
159795  160061  2.00    92.24
159806  159970  3.00    52.46
159813  159835  1.00    23.28
159821  159633  3.00    51.08
159821  159878  6.50    90.50
159824  160134  11.50   94.66
159835  159947  0.00    48.10
159837  159413  8.10    127.12
159849  159824  3.00    82.49
159856  159957  10.00   82.31
159856  159998  0.00    47.03
159859  159663  0.00    55.91
159870  159525  20.00   105.95
159872  160145  3.83    82.15
159874  159970  4.67    90.34
159878  159769  3.00    34.56
159888  159849  20.00   82.52
159888  159628  0.00    74.53
159891  159859  0.00    9.20
159893  159806  0.00    63.76
159900  160170  15.00   132.36
159909  159923  0.00    12.33
159910  159669  11.50   75.78
159910  159888  10.00   69.09
159911  160201  0.00    108.67
159914  159659  3.00    74.55
159923  160101  0.00    50.78
159923  159938  11.00   34.83
159929  159655  0.00    80.38
159938  159821  0.00    40.45
159947  159930  0.00    52.19
159947  160164  3.00    64.73
159957  160114  0.00    47.78
159957  160024  3.00    44.40
159959  159791  0.00    56.90
159959  160100  10.00   43.83
159964  159893  0.00    24.68
159970  159997  3.00    7.84
159985  159686  8.25    107.57
159985  160201  6.50    111.21
159986  159708  0.00    88.37
159992  160192  3.00    95.69
159997  160234  20.00   74.91
159998  159893  0.00    74.92
160017  160299  0.00    100.85
160024  160116  15.00   71.22
160061  160333  3.00    92.48
160064  160098  0.00    16.38
160064  160078  6.50    71.06
160078  160085  1.00    50.45
160078  159625  4.00    133.45
160085  160301  1.00    63.08
160085  160101  8.67    41.18
160098  159986  20.00   46.99
160101  160392  0.00    97.27
160114  159998  0.00    85.55
160116  159771  11.00   115.94
160122  160105  11.50   87.14
160134  160523  6.00    114.40
160134  160162  0.00    78.24
160138  159855  0.00    84.97
160138  160122  10.00   87.13
160145  160181  4.25    107.80
160145  160350  7.67    59.38
160145  160138  3.00    51.16
160156  160256  20.00   75.60
160156  159878  4.86    85.76
160163  160024  0.00    46.87
160163  160114  0.00    44.07
160164  160152  0.00    40.58
160164  160315  3.00    42.95
160170  160292  5.40    58.61
160171  160196  0.00    8.78
160181  160221  10.00   87.77
160181  159770  6.50    126.65
160190  159929  0.00    80.44
160192  160361  6.50    71.62
160196  160291  0.00    77.29
160196  160190  0.00    46.48
160201  160402  0.00    67.39
160221  159870  7.80    105.93
160221  160245  11.20   59.80
160230  159997  4.25    145.83
160233  159985  5.50    89.82
160234  160100  0.00    133.90
160234  160539  4.67    93.36
160243  160233  0.00    3.43
160245  160607  10.00   108.85
160245  160259  7.25    50.79
160256  160315  0.00    46.46
160259  159837  6.17    127.15
160262  160163  0.00    30.03
160262  160230  3.00    143.65
160284  160333  3.00    123.03
160291  160017  3.00    100.71
160291  160299  0.00    51.01
160292  160527  10.00   98.68
160299  160324  0.00    124.70
160315  160331  0.00    4.05
160324  160350  8.00    124.70
160331  160341  0.00    3.40
160331  160361  0.00    63.38
160333  160433  0.00    43.16
160341  160827  3.00    149.97
160350  160645  2.00    89.81
160351  160508  0.00    84.44
160361  160578  3.00    76.61
160362  160116  1.00    76.65
160362  160262  0.00    71.16
160404  160170  5.33    96.70
160413  160498  0.00    45.00
160413  160362  3.00    16.65
160419  160098  3.75    135.15
160419  160078  11.50   104.18
160433  160722  3.00    110.28
160442  160351  0.00    86.11
160472  160703  2.00    95.45
160472  160419  0.00    22.52
160498  160532  0.00    80.33
160498  160677  10.00   98.72
160498  160254  3.00    95.64
160505  160256  3.00    77.42
160508  160608  3.00    52.84
160508  160670  0.00    80.79
160527  160679  0.00    96.80
160532  160413  0.00    40.73
160539  160617  0.00    58.20
160539  160758  1.00    69.62
160541  160551  0.00    36.76
160541  160190  0.00    111.10
160545  160156  3.38    115.69
160551  160859  0.00    100.14
160551  160579  1.67    106.56
160578  161037  3.00    147.36
160578  160433  0.00    121.45
160579  160612  3.00    106.57
160590  160532  0.00    23.35
160590  160357  0.00    147.54
160608  160710  0.00    50.25
160608  160442  0.00    92.25
160612  160645  5.50    106.56
160617  160710  0.00    61.01
160617  160442  0.00    56.92
160628  160221  0.00    120.56
160645  160953  6.75    98.84
160652  160341  5.33    123.76
160655  160181  8.25    139.74
160670  160702  0.00    21.42
160679  160284  3.00    128.60
160694  160243  11.00   142.13
160702  160885  1.00    103.19
160703  160545  0.00    109.50
160710  160721  1.00    120.36
160721  160864  0.00    48.28
160721  160670  0.00    43.30
160722  160874  20.00   85.73
160745  160259  0.00    145.15
160758  160820  0.00    74.16
160758  160794  20.00   8.01
160794  160992  7.83    74.92
160794  160657  0.00    102.69
160812  160590  0.00    120.23
160820  161109  1.00    102.65
160820  160854  0.00    59.54
160827  161066  0.00    107.53
160854  160924  0.00    61.45
160859  160855  0.00    18.32
160874  161037  8.67    85.99
160883  160652  10.00   106.71
160885  160969  0.00    97.95
160889  160859  0.00    100.20
160915  160889  10.00   100.20
160918  160885  0.00    20.21
160924  161003  0.00    58.44
160924  161185  20.00   92.10
160938  160679  3.00    102.38
160947  160541  3.00    133.80
160953  161176  20.00   78.33
160953  160915  0.00    100.20
160969  160702  0.00    101.75
160992  161047  0.00    23.42
160992  161172  0.00    109.55
161003  161081  0.00    60.37
161003  161227  0.00    81.97
161037  161094  0.00    37.15
161038  161053  0.00    140.96
161047  161326  3.00    100.61
161047  161109  0.00    94.93
161053  161328  0.00    146.00
161066  160883  0.00    106.83
161075  160694  0.00    141.73
161081  161274  10.00   67.15
161082  160655  4.67    139.78
161103  160947  1.67    126.56
161109  161151  0.00    59.01
161122  160703  2.00    151.54
161151  161185  0.00    60.61
161151  160854  0.00    104.03
161172  161420  0.00    110.45
161185  161227  0.00    57.77
161227  161274  0.00    58.67
161242  161392  0.00    128.12
161274  161286  0.00    2.39
161286  161310  0.00    6.12
161302  161242  0.00    128.76
161302  161038  0.00    146.08
161310  161565  0.00    96.49
161326  161518  8.67    118.81
161326  161562  0.00    85.85
161328  161465  0.00    63.15
161363  161211  0.00    49.45
161380  161103  11.50   130.09
161392  161328  0.00    31.00
161392  161465  0.00    62.85
161444  161363  0.00    68.49
161444  161245  0.00    66.40
161450  161122  1.00    148.16
161461  161075  0.00    142.15
161465  161450  1.00    72.34
161467  161300  0.00    60.26
161467  161444  0.00    20.56
161490  161317  0.00    63.21
161490  161467  10.00   23.95
161518  161363  0.00    57.39
161518  161712  4.67    107.45
161521  161302  0.00    92.97
161562  161638  0.00    101.05
161562  161797  5.50    81.23
161578  161490  0.00    92.57
161638  161712  0.00    101.06
161646  161814  0.00    98.00
161646  161521  0.00    89.34
161712  161984  6.50    100.54
161779  161578  0.00    96.22
161814  162139  0.00    102.68
161878  161461  0.00    143.36
161942  162061  0.00    41.25
161984  162278  0.00    102.99
161984  161942  0.00    45.48
162034  161646  0.00    134.70
162231  161878  0.00    140.05
162523  162231  0.00    138.61
153187  153660  2.00    103.56
153279  153807  7.10    113.96
153333  153753  7.50    97.61
153359  153902  3.74    125.69
153397  153719  3.00    77.93
153429  153977  3.00    130.69
153458  153924  3.00    122.39
153501  153850  8.57    90.99
153569  153743  3.00    96.54
153579  153920  4.16    81.07
153588  154117  1.00    129.98
153598  153924  8.67    77.69
153602  153929  2.00    80.08
153603  154150  3.00    142.30
153610  153678  9.33    106.69
153629  153965  4.27    89.00
153629  153955  5.33    75.04
153647  153838  0.00    59.23
153657  153568  0.00    19.61
153657  154142  4.40    132.97
153660  154086  4.00    103.55
153678  153657  10.00   99.51
153719  154014  3.00    74.44
153733  154168  3.43    111.59
153734  153838  0.00    41.26
153743  153807  10.56   95.62
153748  153976  10.50   113.32
153753  154086  0.00    96.77
153761  153128  10.00   139.70
153761  153719  0.00    21.56
153765  153850  0.00    48.70
153778  153852  0.00    18.36
153807  153988  3.00    48.14
153807  153836  10.00   60.32
153816  153411  9.56    101.29
153816  153888  10.72   82.42
153828  153698  3.00    66.07
153828  153569  9.00    54.92
153829  153923  6.22    73.28
153838  153965  0.00    59.18
153850  154002  15.75   48.86
153852  154002  11.00   102.76
153852  154125  6.50    74.38
153888  154106  10.59   84.64
153902  154137  7.75    131.83
153902  154408  2.25    135.21
153907  153536  5.89    89.30
153920  153778  1.67    110.38
153920  154148  3.00    62.27
153923  153929  0.00    5.19
153923  154464  17.86   146.56
153924  154095  10.00   43.49
153929  154000  6.86    57.57
153955  154225  2.50    75.04
153961  154046  7.25    67.97
153961  153698  0.00    62.20
153965  154174  5.50    66.03
153970  153742  7.67    123.34
153970  153961  0.00    13.75
153976  154118  7.88    113.20
153977  154457  2.50    130.70
153979  153828  3.00    98.47
153984  153988  1.00    11.40
153985  153748  4.67    64.80
153985  154187  10.20   119.18
153988  153979  5.63    97.41
153992  154125  0.00    105.66
154000  154208  1.89    74.67
154000  154559  4.54    147.54
154002  154335  13.33   99.95
154008  154305  0.00    92.57
154014  154326  0.00    82.46
154046  153828  3.00    57.20
154046  154175  0.00    104.27
154064  153678  0.00    117.42
154085  154169  0.00    58.11
154086  154165  3.00    31.19
154094  154149  0.00    90.29
154095  154014  2.00    61.53
154106  153907  7.33    52.66
154107  153812  5.00    82.20
154117  154603  6.50    129.93
154118  154210  6.50    75.41
154118  153970  3.00    40.52
154125  154335  0.00    57.65
154130  153829  8.78    83.05
154133  154163  7.25    9.36
154134  154133  0.00    15.19
154137  154504  6.78    132.55
154146  154134  0.00    4.03
154148  154451  3.80    84.56
154148  154276  3.00    101.91
154149  153816  11.86   99.45
154149  154095  13.25   44.91
154150  154232  3.00    24.63
154150  153757  0.00    141.75
154151  154107  2.88    135.64
154158  154393  0.00    128.79
154163  154322  6.25    122.04
154163  154204  5.36    18.45
154168  154570  3.00    111.00
154169  153761  0.00    105.46
154174  154225  7.83    126.72
154174  154402  7.67    70.80
154175  154198  2.00    103.93
154185  154146  0.00    12.10
154187  153976  10.00   57.89
154187  154566  8.70    149.68
154198  153984  10.86   56.73
154204  154185  0.00    7.19
154208  154439  6.50    75.47
154210  154046  20.00   46.65
154210  154274  6.50    45.96
154225  154511  6.75    75.28
154232  154276  8.67    13.55
154237  153985  8.06    66.97
154274  154362  7.31    54.75
154274  154708  10.00   117.19
154275  154086  0.00    51.64
154276  154428  0.00    43.93
154302  154644  10.00   95.64
154305  154184  0.00    87.13
154305  154342  0.00    8.52
154322  154326  0.00    30.76
154322  154169  0.00    40.86
154326  154374  15.00   62.58
154335  154367  8.86    42.32
154335  154537  15.00   60.74
154342  154367  0.00    8.76
154342  154390  0.00    52.17
154362  154625  5.50    70.45
154365  154094  0.00    92.73
154367  154390  7.92    53.69
154373  154237  5.33    83.57
154390  154402  0.00    24.86
154392  154310  0.00    25.03
154392  154232  3.00    74.99
154393  154237  3.00    40.21
154396  154416  9.00    78.90
154400  154198  0.00    54.05
154402  154427  7.00    40.89
154402  154539  7.67    38.53
154407  154668  11.20   74.67
154408  154504  3.00    24.65
154416  154107  7.53    115.11
154427  154443  3.00    35.29
154428  154703  0.00    85.23
154438  154130  9.00    83.10
154439  154559  1.67    69.73
154439  154600  2.00    49.63
154443  154511  3.00    101.24
154443  154637  0.00    52.84
154446  154393  0.00    15.22
154451  154712  5.13    83.19
154454  154238  0.00    58.34
154457  154408  1.00    59.93
154461  154666  1.00    54.06
154461  154457  0.00    5.19
154464  154982  2.00    146.64
154493  154498  9.61    67.93
154498  154106  10.81   109.36
154504  154617  3.00    29.38
154511  154461  3.00    45.80
154511  154917  8.67    119.58
154537  154712  8.50    59.13
154537  154602  0.00    64.52
154538  154210  10.00   84.35
154538  154118  1.67    122.08
154539  154805  10.50   84.57
154539  154427  26.67   90.22
154559  154752  20.00   52.10
154562  154627  0.00    110.24
154565  154446  10.00   55.36
154565  154658  10.00   29.25
154566  154565  8.55    145.99
154570  154603  10.00   58.12
154570  154950  3.00    116.71
154573  154428  10.00   71.69
154573  154392  0.00    55.08
154600  154898  1.50    107.78
154602  154785  0.00    51.82
154603  154438  1.00    61.08
154603  154950  4.67    142.19
154604  154392  3.00    143.61
154604  154446  8.50    38.97
154617  154687  3.00    22.97
154625  154757  1.00    35.94
154626  154560  0.00    22.71
154626  154809  10.00   82.21
154642  154649  0.00    109.81
154644  154735  0.00    21.80
154644  154668  10.67   78.82
154648  154642  0.00    109.81
154648  154562  0.00    110.52
154652  154954  0.00    126.46
154653  154648  0.00    108.63
154655  154880  0.00    65.67
154655  154326  20.00   97.04
154655  154753  6.00    46.81
154658  154677  4.82    7.48
154666  154980  9.00    92.17
154666  154617  4.67    76.59
154668  154625  7.67    88.33
154677  154922  4.33    81.68
154677  154679  0.00    18.25
154679  154604  2.00    29.01
154679  154776  11.00   104.00
154680  154589  7.05    30.96
154680  155094  9.00    129.87
154687  154828  7.14    124.67
154687  154958  7.00    92.03
154691  155075  7.78    129.52
154691  154948  4.10    140.79
154699  154691  6.54    17.72
154699  154538  3.00    53.37
154703  154905  50.00   84.11
154708  154699  8.00    8.52
154712  154785  5.80    86.63
154716  154416  11.00   100.34
154730  154708  10.00   21.93
154735  154809  0.00    28.07
154735  154801  3.00    50.37
154752  154600  3.00    90.05
154752  155112  3.00    114.37
154753  154858  0.00    41.82
154753  154493  9.50    122.34
154757  154730  0.00    33.83
154760  154438  5.40    85.44
154767  154757  11.50   15.77
154776  154573  6.50    103.43
154785  154805  2.60    37.72
154797  154658  8.60    65.28
154804  154626  10.00   81.33
154805  154845  6.26    111.30
154807  154275  0.00    143.52
154809  154873  10.00   23.25
154819  155184  7.67    125.35
154819  154786  3.31    57.04
154828  155003  2.20    125.45
154845  154917  2.43    111.67
154846  155021  10.36   71.32
154857  154804  7.00    79.25
154857  154498  8.45    101.79
154858  154880  4.00    42.28
154868  154797  8.36    47.77
154873  154957  9.13    25.35
154880  155126  20.00   74.55
154895  154767  11.50   74.97
154898  154819  1.81    80.43
154899  154857  4.67    16.20
154913  154898  3.92    10.40
154917  155124  6.00    75.57
154922  155133  6.97    80.40
154935  154873  9.53    90.47
154948  155332  9.38    141.03
154948  154868  7.91    48.32
154950  155003  3.00    13.87
154954  155216  0.00    126.07
154958  155165  6.40    87.10
154964  154712  11.50   120.70
154964  155071  0.00    32.12
154980  155241  5.50    91.14
154982  155030  2.50    55.17
154982  155048  0.00    20.40
154986  154767  0.00    78.01
155003  155109  1.50    38.62
155010  154899  3.82    40.54
155010  154935  8.30    90.47
155014  154797  10.84   76.97
155019  154964  3.75    120.97
155021  155318  11.00   109.10
155021  155159  10.00   57.82
155030  154760  3.00    85.44
155030  155109  6.67    90.66
155037  154846  8.92    131.72
155056  154655  16.00   129.51
155071  155250  0.00    58.78
155074  154846  6.71    78.15
155075  155443  6.50    129.11
155086  155019  2.00    121.19
155091  154913  2.80    109.72
155094  155485  9.50    129.08
155096  154858  0.00    134.99
155103  154868  9.33    81.58
155104  155210  10.00   33.02
155106  154895  7.67    76.28
155112  155091  3.57    10.50
155124  155433  8.80    108.97
155124  155487  6.22    118.91
155126  155096  3.00    40.10
155126  155385  20.00   82.22
155133  155214  8.25    32.66
155133  155159  6.78    51.43
155146  154958  3.00    87.04
155159  155196  5.50    39.70
155162  154927  6.63    89.89
155162  155393  7.80    118.63
155165  155380  3.75    87.10
155171  155269  1.00    47.03
155178  155106  0.00    28.43
155181  155215  0.00    36.94
155184  155303  9.80    89.80
155187  154807  0.00    140.67
155196  155448  11.00   83.89
155200  155106  0.00    73.28
155200  154986  10.00   78.01
155204  155010  6.67    67.60
155210  155204  9.22    86.92
155214  155014  6.17    76.47
155215  155305  0.00    40.78
155215  155200  0.00    15.86
155216  155187  0.00    80.15
155229  155071  0.00    149.75
155229  155250  0.00    97.95
155250  155454  0.00    58.31
155269  155178  3.00    31.64
155276  155112  3.50    94.77
155281  155459  0.00    118.22
155285  155181  11.20   37.59
155288  155074  12.60   78.84
155296  155269  7.80    12.69
155296  155442  3.00    73.26
155305  155334  6.40    10.07
155305  155178  6.00    80.55
155306  155103  10.67   81.19
155306  155214  10.00   49.12
155318  155661  9.00    110.31
155332  155306  10.91   141.14
155334  155442  0.00    38.74
155334  155457  3.00    56.30
155341  155276  6.49    101.16
155342  155187  0.00    56.06
155342  155216  0.00    66.18
155345  155536  1.67    122.39
155380  155341  4.42    40.66
155383  155056  6.50    128.18
155385  155383  0.00    10.64
155390  155385  1.00    40.83
155390  155210  10.04   136.96
155393  155296  0.00    36.26
155402  155091  3.89    103.43
155407  155390  2.00    76.12
155420  155407  16.67   102.25
155420  155204  4.12    65.33
155421  155229  0.00    77.38
155423  155380  4.33    52.61
155433  155760  1.50    110.88
155437  155423  7.63    46.31
155437  155146  7.14    90.31
155442  155738  10.00   121.65
155448  155684  7.27    84.92
155454  155421  0.00    73.57
155454  155736  0.00    98.09
155457  155550  5.67    50.80
155459  155303  7.25    45.06
155473  155576  5.50    60.36
155485  155037  10.67   136.05
155485  155661  10.00   87.46
155487  155437  8.08    107.21
155493  155162  3.50    117.17
155499  155196  0.00    94.77
155536  155459  10.25   25.81
155539  155811  0.00    125.55
155550  155857  8.67    133.77
155573  155420  7.57    46.79
155573  155493  9.00    112.98
155574  155276  8.83    99.53
155576  155393  10.00   64.47
155585  155487  5.63    83.61
155619  155342  0.00    132.05
155659  155342  0.00    106.88
155661  155721  0.00    33.14
155684  155721  0.00    12.21
155684  155499  3.00    93.35
155686  155953  9.30    91.44
155686  155574  4.00    99.54
155702  155402  4.87    103.43
155708  155550  11.00   71.18
155708  155924  5.33    92.06
155721  156111  5.20    143.96
155733  155576  8.17    60.80
155736  156036  0.00    98.37
155738  155812  11.50   19.90
155754  155573  7.54    62.49
155760  155585  4.90    85.88
155766  155738  5.50    66.13
155766  155457  0.00    128.91
155793  155619  0.00    130.16
155794  155407  9.25    136.73
155795  155708  4.40    32.23
155795  155766  0.00    56.34
155811  156026  0.00    126.16
155812  156065  3.00    84.47
155814  155423  6.10    135.94
155814  155686  6.50    90.92
155818  155539  0.00    125.52
155819  156025  10.00   99.55
155841  155995  4.91    112.19
155841  155536  4.67    111.58
155856  156025  0.00    57.23
155857  156223  5.14    135.71
155890  155819  0.00    88.70
155919  155991  12.20   78.48
155920  155812  2.00    80.00
155924  156209  0.00    118.85
155941  155795  11.00   48.38
155941  155812  1.00    133.21
155952  155659  0.00    106.88
155953  155916  0.00    26.90
155953  156169  6.50    79.93
155967  155793  0.00    131.43
155988  155574  6.82    148.30
155991  155754  8.50    74.71
155995  155702  7.75    103.08
156004  155920  9.43    57.26
156004  155919  0.00    80.78
156025  156111  10.00   42.92
156031  156092  0.00    24.24
156031  155941  0.00    28.23
156035  155819  10.00   77.21
156036  155842  0.00    82.62
156036  156164  20.00   120.86
156060  156031  5.40    43.76
156060  155924  0.00    57.27
156063  155760  4.30    137.66
156065  156133  0.00    22.62
156076  156092  10.00   50.24
156076  156009  10.00   22.32
156092  156438  6.75    123.05
156111  156260  3.00    78.96
156115  155814  5.33    111.07
156133  156139  5.33    14.88
156133  156379  2.33    101.01
156137  155794  9.90    135.67
156139  156482  4.00    123.67
156139  156076  7.33    58.87
156144  155991  9.82    52.37
156160  155818  0.00    128.52
156161  156065  0.00    54.24
156164  155890  0.00    93.14
156169  156388  3.00    79.93
156175  156447  10.00   126.33
156175  156060  2.50    57.25
156190  156144  0.00    15.39
156190  156004  8.00    132.34
156191  156249  0.00    42.34
156204  156190  3.00    4.65
156223  156240  7.40    130.50
156224  156434  4.40    75.02
156230  155952  0.00    106.55
156240  156437  6.80    132.15
156245  156381  4.00    86.86
156249  155995  6.40    92.65
156253  156063  2.00    134.43
156258  156204  3.00    30.45
156260  156301  1.00    25.45
156260  156035  6.50    76.96
156279  156204  1.00    26.78
156287  156164  0.00    43.45
156301  156354  0.00    21.10
156328  156249  4.25    30.32
156336  156301  0.00    15.76
156341  156391  0.00    41.37
156350  156587  2.00    98.87
156354  156376  0.00    11.30
156355  156253  8.00    133.15
156376  156355  3.29    35.89
156379  156631  2.00    102.72
156381  156627  6.00    91.79
156387  156376  0.00    30.36
156388  156429  0.00    18.96
156389  156279  5.90    46.66
156389  156224  9.00    102.10
156391  155988  2.67    148.45
156402  156258  4.00    82.79
156403  156175  9.50    99.74
156410  156115  11.15   111.07
156416  156387  2.76    86.91
156416  156160  0.00    125.09
156423  156388  0.00    38.09
156429  156644  6.50    84.47
156434  156642  3.45    75.20
156437  156416  6.25    42.48
156438  156447  0.00    42.73
156447  156513  1.00    30.53
156457  156606  0.00    56.31
156458  156438  3.00    27.81
156467  156698  0.00    102.75
156482  156784  9.00    123.13
156530  156437  3.30    86.77
156561  156598  0.00    89.08
156566  156686  10.00   56.04
156587  156839  3.00    99.91
156598  156642  0.00    89.12
156600  156391  7.00    86.80
156606  156530  3.00    86.22
156613  156389  20.00   108.66
156625  156561  0.00    92.06
156627  156402  9.40    85.95
156631  156839  4.67    101.73
156640  156429  11.50   122.32
156640  156639  0.00    3.71
156642  156667  0.00    8.46
156644  156662  0.00    7.35
156662  156640  0.00    26.17
156662  156848  6.50    77.37
156667  156935  0.00    121.86
156667  156625  0.00    91.49
156668  156403  10.13   101.70
156668  156606  3.00    68.27
156686  156898  0.00    82.95
156686  156644  0.00    44.13
156687  156410  5.83    111.07
156697  156561  0.00    99.99
156698  156668  6.75    42.61
156716  156687  0.00    41.32
156769  156698  8.00    111.75
156772  156792  3.00    103.43
156785  156701  9.83    93.82
156785  156600  7.67    86.77
156807  156785  11.50   135.80
156839  156882  0.00    14.68
156848  157054  3.00    77.62
156854  156882  5.50    94.65
156882  156627  11.25   123.44
156884  156785  0.00    67.54
156896  156613  7.86    111.45
156896  157022  3.00    83.07
156898  157096  10.00   82.34
156915  156687  15.75   95.60
156922  156668  4.67    107.92
156929  156639  10.00   113.39
156935  157236  10.75   123.44
156947  156697  0.00    103.87
156963  156772  15.75   107.26
157010  157336  0.00    129.95
157018  156963  11.25   23.51
157021  157056  0.00    10.92
157022  157225  3.00    85.86
157035  157054  4.36    35.38
157036  157312  0.00    109.48
157043  157064  10.29   130.90
157044  157350  0.00    125.52
157054  157096  0.00    31.39
157056  157305  0.00    103.88
157056  157042  0.00    10.42
157058  157265  0.00    84.99
157064  157018  0.00    16.30
157096  157142  3.00    34.11
157099  157035  8.36    106.95
157132  157214  7.40    70.68
157142  156915  8.67    96.10
157142  157434  7.88    120.73
157166  157043  10.00   132.24
157166  157518  10.00   125.15
157195  156947  1.00    103.40
157195  157206  0.00    11.17
157204  157246  10.80   79.18
157204  157035  8.67    72.93
157206  157396  0.00    85.78
157214  157291  6.00    99.65
157216  157204  3.00    6.01
157216  157468  13.33   110.90
157225  156896  8.00    139.22
157235  157216  0.00    8.80
157235  157655  9.00    139.98
157236  157603  10.33   124.06
157246  157276  6.22    79.08
157247  157166  1.00    83.78
157261  157351  10.00   117.00
157265  157247  3.00    18.39
157269  157261  2.00    133.11
157269  157529  0.00    85.69
157271  157265  0.00    7.54
157276  157468  11.33   112.88
157291  157620  7.67    107.73
157291  157321  11.00   105.36
157302  157195  3.56    107.81
157305  157271  11.50   38.93
157312  157441  0.00    44.37
157312  157331  3.00    92.13
157319  157305  0.00    12.85
157321  157269  3.00    75.41
157321  157658  10.00   108.65
157331  157350  3.00    98.60
157331  157051  8.67    110.77
157336  157312  0.00    89.69
157336  157520  0.00    57.89
157350  157319  1.00    30.16
157351  157509  3.00    113.03
157359  157625  7.00    149.26
157361  157271  0.00    32.56
157386  157336  0.00    59.68
157396  157603  10.00   85.09
157407  157064  2.50    150.43
157434  157733  5.80    120.99
157439  157761  0.00    133.82
157439  157302  11.00   108.87
157441  157520  0.00    87.91
157441  157660  10.00   70.69
157468  157655  11.50   92.99
157468  157625  8.67    60.41
157485  157437  0.00    49.53
157490  157225  10.33   90.75
157493  157235  6.75    100.42
157494  157439  0.00    70.98
157503  157640  0.00    44.92
157503  157490  0.00    144.09
157509  157494  0.00    62.52
157511  157480  0.00    120.00
157513  157535  0.00    70.90
157518  157247  0.00    122.40
157520  157677  0.00    56.91
157520  157561  0.00    58.57
157529  157511  0.00    37.07
157529  157826  10.00   107.21
157535  157214  0.00    112.03
157557  157503  0.00    117.67
157564  157319  0.00    81.19
157603  157763  10.00   69.27
157603  157744  8.00    107.05
157618  157302  15.00   123.04
157620  157917  5.50    107.75
157625  157750  11.50   61.93
157625  157827  5.83    130.20
157639  157490  15.40   47.70
157639  157640  3.00    136.16
157640  157557  0.00    117.78
157655  157827  6.50    66.73
157658  157959  10.00   108.42
157660  157677  0.00    80.96
157683  157351  8.83    114.60
157695  157783  0.00    112.36
157713  157407  9.71    147.26
157726  157331  0.00    136.72
157733  157493  11.00   100.44
157733  157934  4.75    77.74
157744  157639  20.00   47.95
157750  157678  2.00    53.13
157756  157494  0.00    94.83
157760  157744  0.00    4.38
157760  157991  4.50    107.09
157761  158094  10.25   133.82
157783  157899  0.00    112.65
157791  157820  0.00    57.05
157806  157756  0.00    17.18
157820  157823  0.00    3.13
157823  157826  0.00    8.07
157826  158074  10.00   84.26
157827  157934  5.33    63.61
157827  157842  3.00    3.79
157840  157950  10.50   118.83
157842  157986  7.20    57.67
157844  157535  0.00    110.26
157863  157806  0.00    104.83
157863  157509  10.60   129.86
157897  157618  0.00    123.04
157899  158025  0.00    112.53
157904  157863  0.00    17.60
157914  158016  0.00    39.64
157917  158230  10.00   107.73
157934  158184  5.58    106.67
157947  157760  4.33    111.35
157950  158016  0.00    63.05
157959  158268  3.00    108.42
157971  157683  0.00    101.51
157979  157683  0.00    126.49
157986  157750  3.72    129.96
157991  158306  6.92    110.90
158000  157713  20.00   146.64
158016  158284  0.00    97.43
158023  157756  2.00    106.51
158025  158137  0.00    112.54
158074  158314  10.00   83.95
158087  157760  8.33    109.30
158087  158266  4.00    104.65
158090  157935  3.00    75.28
158097  157926  3.00    98.96
158105  158266  0.00    55.54
158112  157806  20.00   101.53
158136  157950  0.00    62.89
158136  158132  0.00    44.74
158137  158136  0.00    78.10
158146  157904  0.00    81.12
158147  157947  5.40    111.95
158151  158000  0.00    76.51
158153  157986  4.25    99.21
158171  158212  3.53    34.95
158173  157904  10.00   89.98
158184  158432  6.46    107.16
158185  158545  11.50   120.19
158194  158185  10.20   110.18
158209  158000  6.61    133.78
158212  158258  9.20    27.27
158212  158625  8.44    145.31
158230  158539  0.00    102.63
158230  158194  6.50    110.86
158257  158262  3.00    90.61
158258  158422  5.40    116.34
158258  157971  1.00    101.65
158262  158430  5.60    103.18
158262  158269  11.50   47.45
158266  158599  9.80    114.25
158268  158230  15.00   110.71
158268  158634  0.00    124.44
158269  158097  4.86    99.19
158276  158209  10.13   131.11
158279  158023  0.00    106.59
158284  158364  0.00    88.82
158284  158151  10.00   76.05
158305  158263  0.00    123.79
158306  158484  8.63    78.96
158314  158268  3.00    106.20
158319  158147  6.06    111.25
158319  158526  11.50   84.52
158321  158276  3.00    130.91
158328  158171  4.71    136.16
158328  158314  0.00    7.15
158358  158305  0.00    123.89
158358  158137  0.00    78.80
158364  158358  0.00    87.86
158371  158306  0.00    66.14
158377  158146  0.00    81.17
158382  158319  5.71    83.07
158386  158153  4.75    101.75
158401  158112  10.00   101.51
158407  158382  0.00    18.30
158422  158439  0.00    13.54
158422  158173  5.50    90.01
158424  158526  5.50    45.47
158430  158589  19.20   102.94
158432  158698  4.00    107.49
158436  158446  0.00    53.03
158436  158377  0.00    18.61
158439  158454  5.60    18.53
158440  158840  4.67    144.91
158440  158321  2.33    131.81
158443  158087  1.40    130.65
158445  158436  20.00   21.31
158446  158462  0.00    58.74
158454  158445  0.00    20.79
158462  158401  10.00   18.19
158462  158407  4.86    58.80
158484  158911  10.00   142.85
158484  158573  10.00   70.71
158502  158645  8.17    138.96
158526  158606  3.00    39.68
158539  158848  7.25    102.62
158545  158895  7.83    120.13
158568  158440  8.67    120.57
158573  158587  10.00   79.53
158573  158948  10.00   125.96
158576  158194  10.00   130.62
158587  158646  5.41    79.86
158599  158915  1.00    112.56
158602  158502  6.14    65.07
158602  158269  2.33    122.79
158602  158685  5.33    41.24
158606  158877  3.00    104.28
158611  158806  2.00    109.36
158611  158502  6.50    37.54
158625  158711  9.38    80.10
158625  159046  7.43    149.56
158632  158699  1.67    119.39
158634  159001  10.00   124.44
158646  158974  6.60    124.29
158646  158658  0.00    9.78
158649  158632  0.00    119.07
158658  158725  5.50    43.11
158665  158658  6.89    44.89
158666  158568  6.75    120.33
158675  158661  10.00   16.23
158675  158691  0.00    11.32
158685  158737  0.00    42.40
158691  158803  0.00    36.40
158691  158792  10.00   91.51
158698  158386  3.15    104.62
158699  158751  7.91    97.21
158699  159030  0.00    116.23
158701  158328  6.80    133.46
158711  158835  10.00   79.53
158713  158462  9.45    87.72
158721  158665  2.00    85.55
158725  158665  0.00    22.37
158725  158963  2.00    90.64
158730  158382  5.33    120.50
158737  158602  3.00    46.53
158745  158746  0.00    5.12
158745  158649  1.00    119.53
158746  158938  0.00    108.47
158751  158840  7.67    97.32
158753  158358  0.00    134.98
158753  158801  0.00    76.91
158754  158698  4.25    18.39
158768  158797  3.00    14.51
158769  158753  0.00    82.22
158778  158666  5.14    120.20
158787  158721  0.00    85.55
158787  158769  0.00    82.34
158792  158446  9.00    112.79
158792  158816  0.00    24.08
158797  158803  0.00    6.31
158801  158853  0.00    77.15
158803  158880  10.00   75.57
158806  158998  6.50    110.26
158815  158746  3.00    89.25
158822  158685  15.00   61.33
158830  158443  20.00   130.90
158835  158768  10.00   18.66
158837  158778  0.00    35.24
158840  158909  11.50   108.61
158847  158611  9.83    74.74
158848  159143  4.67    102.64
158853  158904  0.00    18.21
158853  158815  0.00    89.02
158863  158787  0.00    105.10
158877  159108  0.00    79.82
158880  158991  11.43   120.30
158883  158863  0.00    104.60
158895  159078  9.00    63.17
158895  158976  6.50    112.75
158904  158883  0.00    104.60
158909  159266  2.00    123.73
158909  158962  26.00   85.03
158911  159211  10.75   138.56
158914  158877  0.00    42.44
158915  159220  3.00    113.13
158926  158904  0.00    71.95
158938  158926  1.00    11.95
158948  159155  7.75    72.91
158951  158737  3.00    65.71
158951  158847  0.00    53.99
158953  159027  3.00    28.46
158953  158778  3.00    81.92
158962  158953  0.00    30.26
158962  159027  11.50   31.01
158963  159160  0.00    123.07
158963  159344  8.50    129.93
158967  159053  0.00    138.61
158971  158701  4.25    128.56
158976  158576  10.00   130.65
158978  159075  7.36    98.51
158978  158835  10.00   50.56
158991  158713  6.50    87.74
158991  159067  1.50    77.30
159001  158971  1.40    26.91
159002  158711  1.67    120.67
159003  158880  0.00    47.39
159004  159021  20.00   39.73
159021  159322  8.73    112.05
159021  159078  3.92    73.34
159027  159370  10.00   116.16
159030  159048  7.00    8.23
159039  159133  7.67    46.31
159039  158978  4.17    24.08
159043  159030  0.00    19.88
159043  159072  0.00    24.69
159046  159058  11.83   61.87
159048  159069  0.00    10.87
159051  159349  10.00   132.53
159053  158938  0.00    139.74
159054  158971  0.00    101.94
159058  159413  9.20    125.53
159058  159054  10.00   25.18
159067  159122  0.00    76.45
159069  159070  2.80    2.73
159070  159043  0.00    12.86
159070  159132  0.00    18.37
159072  159115  4.67    30.29
159072  158967  0.00    138.51
159075  159046  7.00    96.74
159076  158951  8.67    91.37
159076  159083  0.00    21.77
159078  159152  4.35    110.06
159083  158973  0.00    41.67
159084  159001  11.57   48.97
159090  158730  6.40    120.51
159090  159122  0.00    11.74
159093  159076  10.00   88.44
159105  159093  9.80    88.44
159105  158847  7.22    136.16
159108  159090  11.50   49.41
159115  159186  0.00    53.23
159115  159168  0.00    23.50
159117  159363  0.00    85.72
159117  159048  2.00    88.36
159122  159171  3.00    17.79
159127  159108  1.67    63.89
159132  159300  0.00    55.77
159132  159168  0.00    45.69
159133  159154  11.54   30.61
159133  159361  8.83    85.63
159143  159084  2.32    83.31
159143  159449  4.75    98.55
159145  159546  0.00    130.88
159145  159117  0.00    44.23
159152  158976  3.00    63.78
159152  159143  3.04    113.34
159154  159250  2.93    110.76
159155  159211  15.00   33.24
159160  159155  9.20    120.25
159168  159300  0.00    50.42
159171  159334  3.00    108.95
159171  159388  10.00   69.41
159177  159145  3.00    44.87
159181  159283  1.00    93.87
159181  158830  6.33    130.74
159186  159432  0.00    99.20
159186  159293  0.00    46.52
159196  159177  10.00   35.56
159196  159633  8.67    144.21
159197  159054  9.15    84.44
159211  159281  0.00    22.94
159220  159536  8.86    104.60
159220  159334  0.00    81.06
159225  159083  1.00    48.66
159237  159196  3.00    42.99
159237  159589  0.00    115.86
159241  159225  9.43    91.54
159250  159448  3.00    112.87
159253  159039  7.15    68.01
159253  159346  10.00   112.47
159258  159105  10.00   51.64
159258  159241  10.00   91.54
159266  159237  1.00    35.11
159281  159335  0.00    30.28
159281  159381  5.50    40.54
159283  159396  3.00    94.30
159293  159467  0.00    69.16
159300  159625  3.00    129.51
159303  159225  0.00    23.08
159311  159197  7.00    83.49
159311  159084  7.30    76.67
159322  159398  11.50   96.62
159322  159471  8.10    80.54
159334  159791  0.00    141.13
159335  159381  1.00    41.81
159336  159398  0.00    58.30
159344  159686  10.00   123.73
159346  159525  0.00    100.50
159346  159770  7.40    126.68
159349  159402  0.00    33.33
159361  159154  3.00    128.94
159363  159625  3.00    85.75
159370  159475  4.40    102.58
159370  159266  7.00    125.33
159381  159498  0.00    99.34
159388  159655  1.00    108.23
159396  159444  1.67    38.65
159396  159349  0.00    16.58
159397  159311  15.00   26.89
159398  159499  4.00    32.24
159402  159335  0.00    22.53
159413  159837  8.10    127.12
159421  159477  11.50   145.37
159421  159659  0.00    75.26
159422  159529  2.00    83.90
159422  159181  3.00    84.03
159424  159398  11.50   38.87
159432  159467  10.00   21.96
159442  159370  10.00   77.76
159444  159402  0.00    12.14
159448  159388  6.57    109.96
159449  159397  4.89    121.30
159449  159628  3.00    60.77
159461  159449  3.00    76.47
159467  159708  0.00    87.83
159471  159461  3.00    76.47
159471  159669  6.75    72.93
159475  159707  10.50   105.69
159477  159491  3.00    67.24
159477  159789  10.00   93.20
159478  159442  0.00    77.43
159491  159676  3.00    61.04
159491  159388  0.00    33.54
159497  159344  10.00   67.13
159497  159672  0.00    62.21
159498  159497  0.00    98.61
159525  159870  20.00   105.95
159529  159617  1.00    84.06
159535  159432  0.00    38.52
159536  159788  6.50    133.76
159540  159177  2.00    120.40
159545  159546  0.00    23.98
159566  159684  0.00    42.16
159580  159421  0.00    130.74
159580  159585  0.00    55.54
159581  159397  3.00    59.31
159581  159628  10.00   144.55
159585  159361  3.00    69.36
159585  159593  10.00   54.77
159590  159536  0.00    51.27
159593  159253  7.50    109.30
159594  159471  0.00    59.79
159617  159444  0.00    62.31
159617  159684  0.00    49.32
159625  160078  4.00    133.45
159628  159888  0.00    74.53
159628  159669  0.00    108.88
159633  159707  10.00   85.49
159633  159821  3.00    51.08
159645  159422  6.50    76.92
159655  159663  0.00    5.90
159655  159929  0.00    80.38
159659  159914  3.00    74.55
159663  159859  0.00    55.91
159663  159676  0.00    31.18
159669  159910  11.50   75.78
159672  159771  0.00    32.20
159676  159703  0.00    8.43
159684  159792  10.33   68.19
159685  159672  0.00    59.38
159686  159985  8.25    107.57
159697  159659  0.00    65.78
159707  159769  3.00    15.01
159708  159986  0.00    88.37
159720  159763  20.00   78.46
159746  159645  20.00   82.78
159763  159501  0.00    117.20
159769  159878  3.00    34.56
159770  160181  6.50    126.65
159771  160116  11.00   115.94
159772  159720  0.00    78.88
159784  159535  0.00    84.33
159788  159645  4.67    37.12
159789  159697  3.00    82.08
159791  159959  0.00    56.90
159795  159508  0.00    95.85
159806  159788  11.50   8.13
159806  159893  0.00    63.76
159813  159772  0.00    23.77
159813  159769  2.00    55.46
159821  159938  0.00    40.45
159824  159849  3.00    82.49
159824  159581  3.00    70.79
159835  159813  1.00    23.28
159835  159772  0.00    19.37
159837  160259  6.17    127.15
159849  159888  20.00   82.52
159855  160138  0.00    84.97
159856  159746  10.00   82.97
159859  159891  0.00    9.20
159859  159789  0.00    123.97
159870  160221  7.80    105.93
159872  159593  1.00    82.16
159874  159791  5.60    90.27
159878  160156  4.86    85.76
159878  159821  6.50    90.50
159888  159910  10.00   69.09
159892  159697  10.00   54.65
159893  159964  0.00    24.68
159893  159998  0.00    74.92
159900  159532  5.50    135.61
159908  159580  0.00    99.31
159909  159540  0.00    120.34
159911  159686  0.00    112.76
159911  159771  0.00    55.71
159923  159909  0.00    12.33
159929  160190  0.00    80.44
159930  159947  0.00    52.19
159938  159923  11.00   34.83
159947  159835  0.00    48.10
159957  159856  10.00   82.31
159970  159874  4.67    90.34
159970  159806  3.00    52.46
159985  160233  5.50    89.82
159986  159535  0.00    141.05
159986  160098  20.00   46.99
159992  159795  3.00    95.69
159997  159970  3.00    7.84
159997  160230  4.25    145.83
159998  160114  0.00    85.55
159998  159856  0.00    47.03
160017  160291  3.00    100.71
160024  160163  0.00    46.87
160024  159957  3.00    44.40
160061  159795  2.00    92.24
160064  159784  5.33    85.69
160078  160419  11.50   104.18
160078  160064  6.50    71.06
160085  160078  1.00    50.45
160098  160419  3.75    135.15
160098  160064  0.00    16.38
160100  159959  10.00   43.83
160100  160234  0.00    133.90
160101  159923  0.00    50.78
160101  160085  8.67    41.18
160105  160122  11.50   87.14
160114  160163  0.00    44.07
160114  159957  0.00    47.78
160116  160362  1.00    76.65
160116  160024  15.00   71.22
160122  160138  10.00   87.13
160134  159824  11.50   94.66
160138  160145  3.00    51.16
160145  159872  3.83    82.15
160152  160164  0.00    40.58
160156  160545  3.38    115.69
160162  160134  0.00    78.24
160163  160262  0.00    30.03
160164  159947  3.00    64.73
160170  160404  5.33    96.70
160170  159900  15.00   132.36
160181  160145  4.25    107.80
160181  160655  8.25    139.74
160190  160196  0.00    46.48
160190  160541  0.00    111.10
160192  159992  3.00    95.69
160192  159763  20.00   132.06
160196  160171  0.00    8.78
160201  159911  0.00    108.67
160201  159985  6.50    111.21
160221  160181  10.00   87.77
160221  160628  0.00    120.56
160230  160262  3.00    143.65
160233  160243  0.00    3.43
160234  159997  20.00   74.91
160243  160694  11.00   142.13
160245  160221  11.20   59.80
160254  160498  3.00    95.64
160256  160156  20.00   75.60
160256  160505  3.00    77.42
160259  160245  7.25    50.79
160259  160745  0.00    145.15
160262  160362  0.00    71.16
160284  160679  3.00    128.60
160291  160196  0.00    77.29
160292  160170  5.40    58.61
160299  160291  0.00    51.01
160299  160017  0.00    100.85
160301  160085  1.00    63.08
160315  160256  0.00    46.46
160315  160164  3.00    42.95
160324  160299  0.00    124.70
160331  160315  0.00    4.05
160333  160061  3.00    92.48
160333  160284  3.00    123.03
160341  160331  0.00    3.40
160341  160652  5.33    123.76
160350  160324  8.00    124.70
160350  160145  7.67    59.38
160351  160442  0.00    86.11
160357  160590  0.00    147.54
160361  160331  0.00    63.38
160361  160192  6.50    71.62
160362  160413  3.00    16.65
160392  160101  0.00    97.27
160402  160201  0.00    67.39
160413  160532  0.00    40.73
160419  160472  0.00    22.52
160433  160578  0.00    121.45
160433  160333  0.00    43.16
160442  160617  0.00    56.92
160442  160608  0.00    92.25
160498  160413  0.00    45.00
160508  160351  0.00    84.44
160523  160134  6.00    114.40
160527  160292  10.00   98.68
160532  160590  0.00    23.35
160532  160498  0.00    80.33
160539  160234  4.67    93.36
160541  160947  3.00    133.80
160545  160703  0.00    109.50
160551  160541  0.00    36.76
160578  160361  3.00    76.61
160579  160551  1.67    106.56
160590  160812  0.00    120.23
160607  160245  10.00   108.85
160608  160508  3.00    52.84
160612  160579  3.00    106.57
160617  160539  0.00    58.20
160645  160350  2.00    89.81
160645  160612  5.50    106.56
160652  160883  10.00   106.71
160655  161082  4.67    139.78
160657  160794  0.00    102.69
160670  160721  0.00    43.30
160670  160508  0.00    80.79
160677  160498  10.00   98.72
160679  160938  3.00    102.38
160679  160527  0.00    96.80
160694  161075  0.00    141.73
160702  160670  0.00    21.42
160702  160969  0.00    101.75
160703  160472  2.00    95.45
160703  161122  2.00    151.54
160710  160617  0.00    61.01
160710  160608  0.00    50.25
160721  160710  1.00    120.36
160722  160433  3.00    110.28
160758  160539  1.00    69.62
160794  160758  20.00   8.01
160820  160758  0.00    74.16
160827  160341  3.00    149.97
160854  161151  0.00    104.03
160854  160820  0.00    59.54
160855  160859  0.00    18.32
160859  160551  0.00    100.14
160859  160889  0.00    100.20
160864  160721  0.00    48.28
160874  160722  20.00   85.73
160883  161066  0.00    106.83
160885  160702  1.00    103.19
160885  160918  0.00    20.21
160889  160915  10.00   100.20
160915  160953  0.00    100.20
160924  160854  0.00    61.45
160947  161103  1.67    126.56
160953  160645  6.75    98.84
160969  160885  0.00    97.95
160992  160794  7.83    74.92
161003  160924  0.00    58.44
161037  160874  8.67    85.99
161037  160578  3.00    147.36
161038  161302  0.00    146.08
161047  160992  0.00    23.42
161053  161038  0.00    140.96
161066  160827  0.00    107.53
161075  161461  0.00    142.15
161081  161003  0.00    60.37
161094  161037  0.00    37.15
161103  161380  11.50   130.09
161109  161047  0.00    94.93
161109  160820  1.00    102.65
161122  161450  1.00    148.16
161151  161109  0.00    59.01
161172  160992  0.00    109.55
161176  160953  20.00   78.33
161185  161151  0.00    60.61
161185  160924  20.00   92.10
161211  161363  0.00    49.45
161227  161185  0.00    57.77
161227  161003  0.00    81.97
161242  161302  0.00    128.76
161245  161444  0.00    66.40
161274  161081  10.00   67.15
161274  161227  0.00    58.67
161286  161274  0.00    2.39
161300  161467  0.00    60.26
161302  161521  0.00    92.97
161310  161286  0.00    6.12
161317  161490  0.00    63.21
161326  161047  3.00    100.61
161328  161392  0.00    31.00
161328  161053  0.00    146.00
161363  161444  0.00    68.49
161363  161518  0.00    57.39
161392  161242  0.00    128.12
161420  161172  0.00    110.45
161444  161467  0.00    20.56
161450  161465  1.00    72.34
161461  161878  0.00    143.36
161465  161328  0.00    63.15
161465  161392  0.00    62.85
161467  161490  10.00   23.95
161490  161578  0.00    92.57
161518  161326  8.67    118.81
161521  161646  0.00    89.34
161562  161326  0.00    85.85
161565  161310  0.00    96.49
161578  161779  0.00    96.22
161638  161562  0.00    101.05
161646  162034  0.00    134.70
161712  161638  0.00    101.06
161712  161518  4.67    107.45
161797  161562  5.50    81.23
161814  161646  0.00    98.00
161878  162231  0.00    140.05
161942  161984  0.00    45.48
161984  161712  6.50    100.54
162061  161942  0.00    41.25
162139  161814  0.00    102.68
162231  162523  0.00    138.61
162278  161984  0.00    102.99
1 2 155423 155437 154461 154511
2 2 159856 159957 159444 159617
