1301 2700 3 10 3 3 10207.43 1069.14
1 2
2 2
3 1
4 2
5 3
6 2
7 2
8 1
9 2
10 3
11 1
12 3
13 1
14 2
15 2
16 2
17 1
18 2
19 1
20 2
21 1
22 2
23 2
24 1
25 1
26 1
27 2
28 3
29 3
30 3
31 1
32 3
33 1
34 2
35 1
36 1
37 2
38 2
39 1
40 3
41 1
42 1
43 2
44 2
45 2
46 2
47 2
48 3
49 2
50 1
51 2
52 2
53 2
54 3
55 2
56 2
57 2
58 3
59 1
60 2
61 2
62 2
63 2
64 3
65 2
66 1
67 2
68 3
69 2
70 1
71 2
72 1
73 2
74 1
75 2
76 1
77 1
78 2
79 1
80 2
81 1
82 1
83 2
84 2
85 2
86 1
87 1
88 1
89 3
90 2
91 1
92 2
93 3
94 2
95 1
96 1
97 3
98 3
99 1
100 1
101 3
102 2
103 2
104 2
105 1
106 3
107 2
108 1
109 2
110 1
111 2
112 1
113 2
114 1
115 2
116 2
117 1
118 1
119 2
120 2
121 2
122 3
123 2
124 2
125 1
126 2
127 1
128 2
129 3
130 2
131 3
132 2
133 2
134 1
135 2
136 3
137 1
138 1
139 3
140 2
141 1
142 2
143 3
144 2
145 2
146 2
147 1
148 1
149 2
150 3
151 1
152 2
153 3
154 2
155 2
156 2
157 2
158 1
159 1
160 2
161 1
162 2
163 3
164 2
165 1
166 2
167 2
168 2
169 1
170 3
171 2
172 1
173 1
174 3
175 2
176 3
177 2
178 2
179 2
180 1
181 3
182 2
183 3
184 1
185 3
186 2
187 3
188 2
189 2
190 2
191 1
192 1
193 2
194 2
195 2
196 2
197 3
198 2
199 3
200 3
201 2
202 1
203 1
204 2
205 1
206 3
207 1
208 1
209 1
210 3
211 2
212 2
213 3
214 3
215 1
216 1
217 1
218 1
219 2
220 2
221 2
222 1
223 2
224 2
225 1
226 2
227 1
228 3
229 2
230 3
231 2
232 2
233 2
234 2
235 2
236 2
237 3
238 2
239 2
240 2
241 2
242 2
243 1
244 3
245 1
246 2
247 3
248 3
249 2
250 1
251 1
252 1
253 2
254 3
255 2
256 2
257 3
258 3
259 1
260 1
261 3
262 3
263 2
264 2
265 2
266 3
267 1
268 3
269 1
270 1
271 2
272 1
273 2
274 3
275 2
276 3
277 1
278 2
279 1
280 2
281 1
282 2
283 2
284 1
285 2
286 2
287 2
288 3
289 1
290 2
291 3
292 2
293 2
294 2
295 2
296 1
297 2
298 3
299 2
300 1
301 1
302 2
303 3
304 2
305 1
306 2
307 1
308 2
309 2
310 2
311 2
312 2
313 2
314 2
315 1
316 1
317 1
318 2
319 2
320 2
321 2
322 2
323 1
324 2
325 2
326 2
327 2
328 1
329 2
330 2
331 2
332 2
333 2
334 2
335 1
336 2
337 2
338 3
339 2
340 2
341 1
342 3
343 2
344 3
345 2
346 2
347 1
348 3
349 2
350 2
351 2
352 3
353 1
354 2
355 3
356 2
357 1
358 2
359 3
360 2
361 2
362 2
363 2
364 1
365 2
366 1
367 2
368 1
369 1
370 3
371 2
372 2
373 2
374 2
375 2
376 1
377 1
378 2
379 1
380 3
381 2
382 1
383 3
384 1
385 1
386 2
387 1
388 3
389 2
390 2
391 2
392 2
393 2
394 2
395 1
396 2
397 2
398 1
399 2
400 2
401 1
402 2
403 3
404 1
405 3
406 1
407 1
408 1
409 2
410 2
411 2
412 1
413 1
414 1
415 3
416 1
417 2
418 1
419 2
420 3
421 2
422 3
423 1
424 3
425 1
426 3
427 3
428 2
429 1
430 1
431 1
432 3
433 2
434 2
435 2
436 1
437 1
438 1
439 2
440 2
441 1
442 1
443 2
444 2
445 3
446 1
447 1
448 1
449 1
450 3
451 3
452 2
453 2
454 3
455 3
456 2
457 3
458 1
459 1
460 1
461 2
462 1
463 2
464 2
465 2
466 2
467 3
468 1
469 2
470 2
471 2
472 2
473 1
474 1
475 2
476 2
477 1
478 2
479 1
480 1
481 2
482 3
483 3
484 2
485 2
486 2
487 2
488 1
489 2
490 1
491 3
492 3
493 1
494 2
495 1
496 1
497 1
498 2
499 3
500 3
501 2
502 1
503 2
504 3
505 1
506 2
507 2
508 3
509 1
510 3
511 2
512 2
513 2
514 2
515 3
516 2
517 3
518 1
519 1
520 2
521 3
522 2
523 2
524 2
525 1
526 3
527 2
528 2
529 1
530 3
531 1
532 3
533 3
534 2
535 1
536 3
537 1
538 2
539 3
540 2
541 3
542 2
543 2
544 3
545 2
546 1
547 1
548 2
549 2
550 1
551 2
552 2
553 2
554 2
555 2
556 3
557 2
558 3
559 2
560 2
561 2
562 2
563 2
564 1
565 1
566 2
567 2
568 2
569 2
570 3
571 2
572 1
573 1
574 2
575 1
576 1
577 3
578 1
579 2
580 1
581 2
582 1
583 2
584 2
585 1
586 3
587 2
588 1
589 1
590 2
591 2
592 2
593 2
594 2
595 1
596 2
597 1
598 2
599 1
600 2
601 2
602 1
603 1
604 1
605 3
606 2
607 2
608 1
609 2
610 2
611 2
612 1
613 1
614 1
615 2
616 1
617 2
618 2
619 2
620 2
621 2
622 1
623 2
624 1
625 1
626 2
627 3
628 3
629 1
630 2
631 2
632 1
633 3
634 2
635 2
636 1
637 2
638 2
639 3
640 3
641 2
642 1
643 1
644 1
645 2
646 2
647 2
648 3
649 3
650 1
651 2
652 1
653 2
654 2
655 2
656 2
657 3
658 2
659 1
660 1
661 2
662 1
663 1
664 1
665 1
666 2
667 2
668 2
669 2
670 2
671 3
672 2
673 1
674 2
675 2
676 2
677 2
678 2
679 1
680 3
681 1
682 2
683 2
684 1
685 2
686 1
687 2
688 3
689 1
690 3
691 1
692 2
693 1
694 2
695 2
696 1
697 2
698 2
699 1
700 1
701 2
702 2
703 2
704 1
705 1
706 1
707 1
708 3
709 3
710 2
711 2
712 3
713 2
714 2
715 3
716 2
717 1
718 2
719 2
720 2
721 1
722 2
723 2
724 2
725 3
726 1
727 1
728 1
729 2
730 3
731 2
732 3
733 2
734 2
735 2
736 2
737 2
738 2
739 2
740 3
741 2
742 3
743 2
744 1
745 3
746 2
747 2
748 2
749 2
750 2
751 3
752 2
753 2
754 1
755 2
756 2
757 1
758 3
759 2
760 2
761 2
762 2
763 2
764 3
765 2
766 2
767 3
768 2
769 2
770 2
771 1
772 1
773 2
774 2
775 3
776 2
777 2
778 2
779 1
780 3
781 1
782 2
783 2
784 1
785 2
786 3
787 2
788 3
789 2
790 2
791 2
792 1
793 1
794 2
795 2
796 2
797 3
798 2
799 3
800 2
801 1
802 1
803 2
804 1
805 3
806 2
807 2
808 3
809 1
810 2
811 2
812 2
813 2
814 3
815 3
816 3
817 2
818 2
819 1
820 3
821 2
822 2
823 2
824 1
825 3
826 2
827 2
828 3
829 2
830 2
831 2
832 1
833 2
834 3
835 2
836 3
837 1
838 2
839 1
840 1
841 1
842 1
843 1
844 2
845 3
846 1
847 2
848 2
849 2
850 2
851 3
852 2
853 1
854 1
855 1
856 1
857 1
858 1
859 1
860 3
861 1
862 1
863 2
864 3
865 2
866 1
867 2
868 1
869 2
870 2
871 2
872 1
873 2
874 2
875 2
876 3
877 1
878 1
879 2
880 1
881 1
882 1
883 1
884 2
885 1
886 2
887 1
888 2
889 2
890 1
891 1
892 1
893 1
894 2
895 2
896 2
897 3
898 2
899 1
900 1
901 2
902 2
903 2
904 2
905 3
906 2
907 2
908 3
909 3
910 2
911 1
912 2
913 2
914 1
915 2
916 3
917 1
918 1
919 2
920 2
921 2
922 3
923 1
924 3
925 2
926 2
927 1
928 1
929 3
930 2
931 3
932 2
933 1
934 2
935 2
936 2
937 1
938 3
939 1
940 2
941 3
942 2
943 2
944 3
945 2
946 2
947 2
948 1
949 2
950 2
951 1
952 3
953 3
954 2
955 2
956 2
957 2
958 2
959 1
960 1
961 2
962 3
963 3
964 2
965 1
966 3
967 2
968 2
969 1
970 2
971 2
972 2
973 3
974 1
975 3
976 2
977 2
978 1
979 3
980 3
981 2
982 3
983 2
984 2
985 2
986 2
987 2
988 3
989 1
990 2
991 2
992 2
993 2
994 1
995 1
996 1
997 1
998 3
999 2
1000 1
1001 2
1002 2
1003 2
1004 3
1005 2
1006 1
1007 1
1008 2
1009 2
1010 1
1011 3
1012 2
1013 1
1014 3
1015 3
1016 3
1017 1
1018 2
1019 2
1020 2
1021 3
1022 2
1023 2
1024 3
1025 3
1026 1
1027 1
1028 2
1029 3
1030 2
1031 2
1032 1
1033 1
1034 3
1035 2
1036 1
1037 2
1038 2
1039 2
1040 1
1041 2
1042 2
1043 1
1044 3
1045 2
1046 3
1047 2
1048 1
1049 1
1050 1
1051 1
1052 2
1053 1
1054 3
1055 3
1056 2
1057 3
1058 2
1059 1
1060 1
1061 2
1062 2
1063 2
1064 1
1065 1
1066 1
1067 1
1068 1
1069 2
1070 2
1071 1
1072 2
1073 2
1074 3
1075 2
1076 3
1077 3
1078 1
1079 2
1080 1
1081 2
1082 2
1083 1
1084 2
1085 1
1086 1
1087 2
1088 1
1089 1
1090 2
1091 3
1092 1
1093 3
1094 2
1095 3
1096 2
1097 3
1098 3
1099 1
1100 1
1101 1
1102 2
1103 1
1104 1
1105 2
1106 2
1107 1
1108 2
1109 2
1110 2
1111 3
1112 2
1113 3
1114 1
1115 1
1116 2
1117 3
1118 1
1119 2
1120 2
1121 1
1122 1
1123 1
1124 2
1125 3
1126 2
1127 2
1128 3
1129 2
1130 3
1131 2
1132 2
1133 3
1134 2
1135 2
1136 2
1137 1
1138 2
1139 3
1140 2
1141 2
1142 2
1143 3
1144 1
1145 3
1146 2
1147 2
1148 1
1149 2
1150 2
1151 2
1152 1
1153 1
1154 3
1155 3
1156 3
1157 3
1158 3
1159 2
1160 3
1161 2
1162 2
1163 1
1164 3
1165 3
1166 2
1167 2
1168 3
1169 2
1170 2
1171 2
1172 1
1173 2
1174 2
1175 1
1176 2
1177 2
1178 2
1179 3
1180 2
1181 3
1182 2
1183 3
1184 3
1185 1
1186 2
1187 2
1188 2
1189 2
1190 3
1191 1
1192 2
1193 1
1194 3
1195 1
1196 1
1197 2
1198 3
1199 3
1200 1
1201 3
1202 2
1203 1
1204 3
1205 2
1206 1
1207 1
1208 1
1209 3
1210 3
1211 2
1212 1
1213 2
1214 2
1215 1
1216 2
1217 1
1218 2
1219 3
1220 2
1221 1
1222 2
1223 2
1224 2
1225 3
1226 2
1227 1
1228 2
1229 2
1230 2
1231 1
1232 2
1233 2
1234 1
1235 2
1236 2
1237 3
1238 2
1239 2
1240 2
1241 1
1242 1
1243 2
1244 2
1245 2
1246 2
1247 2
1248 1
1249 3
1250 2
1251 2
1252 2
1253 2
1254 2
1255 1
1256 1
1257 2
1258 3
1259 3
1260 2
1261 2
1262 1
1263 1
1264 3
1265 3
1266 2
1267 3
1268 2
1269 2
1270 2
1271 3
1272 3
1273 1
1274 2
1275 3
1276 3
1277 2
1278 1
1279 2
1280 2
1281 2
1282 2
1283 3
1284 2
1285 3
1286 2
1287 3
1288 3
1289 2
1290 2
1291 3
1292 1
1293 3
1294 2
1295 3
1296 3
1297 3
1298 3
1299 3
1300 2
1301 3
1 796 0 15.66
2 337 0 71.53
3 191 0 88.23
3 673 12.27 79.43
4 865 0 39.98
5 380 0 10.48
6 470 10 107.79
6 609 7.58 46.13
7 293 0 33.70
8 518 4.67 30.61
9 280 1 68.42
10 816 0 32.97
11 418 0 4.17
12 1155 0 17.33
12 352 0 10.65
13 1101 0 49.65
14 873 0 32.92
15 590 0 11.18
16 623 8 107.30
16 83 1.67 52.35
17 846 5.73 63.91
17 1263 4.83 21.96
18 464 0 58.61
19 997 0 11.44
20 1213 1.67 133.20
21 1051 0 71.73
22 1020 0 78.84
23 1073 1 30.58
24 376 0 30.83
25 1067 0 4.16
25 39 0 34.01
26 899 0 10.35
27 485 1.38 46.33
28 136 0 4.25
29 129 0 27.22
30 815 1 4.69
31 137 0 6.31
32 808 9.66 144.34
33 260 8.43 23.55
34 947 0 30.36
35 1088 0 11.35
36 704 3 1.83
37 607 1.09 82.77
38 675 1.57 27.37
38 130 1.5 28.98
39 95 20 97.35
40 909 4.82 102.58
40 1143 15 106.42
41 395 0 117.66
42 917 0 127.86
44 1072 18 53.62
44 527 8.75 113.54
45 1171 0 13.74
45 1037 0 18.29
46 635 2.05 57.18
47 1018 0 12.51
47 356 3.42 14.47
48 1288 0 44.31
49 852 0 29.89
49 666 0 58.29
50 839 0 9.54
50 66 6.25 148.68
51 542 1 51.51
51 487 16.14 111.40
52 349 9.83 116.24
52 73 3.75 53.65
53 1142 0 17.90
53 1094 0 17.21
54 432 3.39 116.66
54 745 3 17.83
55 84 0 16.18
55 471 0 33.54
56 1159 0 50.91
56 1218 0 32.95
57 140 12.13 113.72
57 561 10.43 59.16
58 427 0 78.15
59 1064 4.3 12.94
60 229 1 32.87
61 278 0 9.24
61 1082 0 18.31
62 536 3 64.93
62 1124 0 45.81
63 584 2.83 119.44
63 236 5.5 87.87
64 58 11.29 78.15
64 355 10 56.12
65 618 0 113.01
66 1217 0 11.22
67 435 2 77.98
68 262 9.25 127.00
69 351 7.29 79.09
70 165 8.44 115.25
70 1006 5.85 115.01
71 452 19.58 117.23
71 1243 9.96 80.51
72 279 2.6 141.35
73 562 3.63 59.58
74 72 0 81.26
74 1043 0 24.45
75 124 8 26.81
76 105 7 57.66
76 1262 7.58 116.76
77 923 20 56.68
78 1177 10.45 49.44
79 100 17.86 116.21
79 1215 7.11 116.98
80 399 0 91.14
81 1115 3 115.96
81 595 3 82.74
82 180 12.69 116.08
82 412 3 53.74
83 538 0 11.01
83 977 3 44.96
84 471 0 20.51
84 1028 0 5.04
85 875 3 37.65
85 611 0 32.77
86 832 9.22 117.61
86 622 9.54 116.24
88 882 10.86 148.36
88 458 10 67.34
89 176 11.5 89.98
90 619 10.83 114.30
90 955 0 6.95
91 418 1.8 70.28
92 993 9.45 118.02
93 577 0 9.56
93 348 9 72.99
94 1084 2.33 116.66
95 880 8 97.05
96 573 7.67 106.38
96 841 32.31 96.31
97 536 9 81.80
98 649 0 40.58
98 544 2.07 110.67
99 1060 1 109.98
99 395 13.86 105.31
100 449 4.64 115.21
100 612 1.44 17.87
101 48 20 60.01
102 829 15.21 40.17
102 1252 3.08 104.64
103 311 1.9 126.68
104 766 7.1 57.71
105 858 0 58.74
106 1181 10 80.69
106 1267 1 97.10
107 452 5.14 77.31
108 1006 7.14 100.92
109 154 10.75 40.74
109 1131 4.75 23.66
110 203 2 20.07
110 407 0 58.62
111 439 9.81 116.21
111 1245 10.55 61.60
112 1086 6.4 125.98
113 713 13.71 58.73
114 582 0 64.00
115 1170 11.5 117.78
115 660 8.68 115.14
116 542 13.18 100.08
116 1294 11.67 116.15
117 148 8.8 116.60
117 911 11.75 113.69
118 1009 0 11.88
118 936 0 9.35
119 869 3.36 61.99
120 1300 11.43 92.60
120 433 0 73.42
121 947 5.27 148.16
122 740 0 18.08
122 237 0 25.74
123 631 10.5 53.32
123 135 2 53.67
124 444 6.8 20.68
125 387 9.38 114.11
126 149 3 35.08
127 877 3.46 14.44
127 614 1 17.34
128 444 8.7 149.00
128 1300 10 21.14
129 1265 0 7.58
130 863 0 19.40
130 630 0 6.89
131 508 0 0.18
131 248 0 0.24
133 464 10.85 76.74
134 112 5.83 97.36
135 879 8.11 111.44
135 361 1.5 76.58
136 510 5.88 26.34
137 215 0 101.16
138 431 6.75 39.81
140 967 12.22 62.44
140 1135 9.25 118.74
141 172 0 11.61
141 307 0 12.43
142 1149 10.5 33.93
143 1299 7.67 120.55
144 219 0 6.37
144 718 2.33 22.81
145 453 0 71.44
145 1202 0 19.38
146 1289 1 42.02
146 1244 20 97.79
148 82 27.67 62.17
148 603 4 115.70
149 373 2.5 33.61
150 1210 3 122.35
151 316 2.82 23.89
151 885 3 116.10
152 783 6.5 107.52
152 683 10.68 62.71
153 181 0 27.55
153 944 30.64 79.71
154 985 5.54 54.32
156 522 3 56.82
156 104 14.6 115.74
157 534 8.25 114.94
157 411 9.63 119.65
158 546 2.33 9.80
158 843 3.13 91.73
159 659 0 58.54
160 782 3.73 122.71
160 746 6.8 79.03
161 1051 6.5 70.07
161 994 3 58.66
162 475 0 101.43
163 461 11 86.56
163 143 3 120.89
164 466 0 15.04
164 1140 0 79.24
165 384 6.4 119.71
165 349 4.8 117.05
166 822 8.71 31.64
166 1192 0 31.27
167 1020 7.33 89.39
167 697 4.88 131.46
168 610 0 9.41
168 1261 0 108.65
169 1196 1 93.09
170 214 8.67 102.28
171 241 6.63 110.52
171 345 3.31 96.04
172 382 0 109.87
172 854 0 18.79
173 997 6.5 28.60
174 851 10 80.55
175 287 0 31.43
175 306 0 26.60
176 1117 0 27.15
177 581 7.1 103.77
178 638 0 31.78
178 1243 1.4 115.28
179 120 8.87 70.05
180 385 13.2 62.43
181 1198 0 18.74
181 1015 0 50.09
182 687 8.93 86.71
182 621 8.17 114.52
183 1275 10.29 104.71
183 185 9.13 105.43
184 416 6.88 60.10
184 861 8.5 79.22
186 371 8.67 115.85
186 1280 6.53 108.67
187 68 11.29 134.02
188 795 0 100.28
190 896 0 33.43
190 1214 0 27.43
192 662 10.54 76.40
193 346 0 43.51
194 360 6.36 86.78
195 844 1 26.92
196 1289 1 34.82
196 685 6.48 97.10
197 1113 1.8 7.14
198 919 12.14 41.26
198 658 1 98.88
199 671 12.08 95.12
200 627 7.25 78.23
201 579 0 12.51
202 603 8 115.46
202 412 4.43 115.06
203 951 2.67 16.06
204 1270 0 5.85
205 602 1.67 111.79
206 1093 0 20.12
206 230 4 131.22
207 114 20 7.57
208 313 6.5 85.41
209 1053 0 10.46
210 355 1 16.64
210 532 0 12.77
211 549 0 129.97
212 116 14.33 116.14
212 766 5.5 114.34
213 541 4.78 125.39
214 275 10.63 116.42
215 652 11 101.48
216 509 8.67 64.06
216 437 0 61.36
217 572 0 85.88
218 364 0 37.36
218 1241 0 22.48
219 503 0 8.89
220 675 0 12.33
220 130 0 2.62
221 1178 0 32.92
221 239 0 49.10
222 1185 0 26.79
223 265 6.88 53.61
224 711 0 5.43
225 296 3.1 32.66
226 286 4.67 62.59
227 497 2.89 77.36
227 547 8.64 17.40
228 1301 0 74.81
228 1133 11.5 32.01
229 591 1 37.02
230 1296 2 132.48
231 375 0 34.06
231 756 1 32.40
232 949 0 138.66
233 290 3 68.61
234 666 10 71.66
234 904 0 30.70
235 637 1.89 21.38
235 884 0 10.17
236 789 8.67 114.95
236 465 10 75.96
237 941 0 10.31
237 541 0 30.88
238 1009 0 10.74
238 571 0 5.86
239 309 5.5 147.64
240 520 7.32 115.74
241 511 8 117.87
241 743 7.2 78.98
242 286 3.83 79.78
243 161 20 140.84
243 693 11.14 82.57
244 454 10.66 123.93
245 1049 8 62.97
245 665 8.29 117.61
246 1002 1.86 121.43
247 963 1 118.78
247 791 0 34.96
248 426 0 15.93
248 54 0 55.40
249 991 0 117.38
250 573 10 102.06
251 74 0 32.65
251 141 0 55.41
252 624 11.5 114.31
252 436 0 57.56
253 160 12.6 78.35
254 213 11.5 120.66
255 785 11.5 88.81
255 787 10.5 116.60
256 838 7.25 16.17
256 331 4.86 74.36
257 1130 6.54 76.64
258 291 11 78.91
259 858 10 117.06
259 335 10.63 115.17
260 1066 0 40.48
260 289 1 16.91
261 344 10 49.42
261 1165 20 61.23
262 244 5.4 124.31
263 870 0 64.94
263 713 10.08 54.12
264 283 9.13 113.60
264 92 8.73 100.85
265 762 3.07 78.94
266 93 0 77.59
267 1027 0 21.81
267 1152 0 18.43
268 1237 12.6 117.36
268 174 50 80.55
269 272 8.07 53.03
270 317 1 78.12
271 498 2 127.58
271 761 2.57 86.09
272 696 1 61.27
272 385 7.33 116.44
273 694 6.28 128.08
274 820 1.5 8.06
275 755 10.93 18.03
275 358 0 57.14
276 183 11.43 78.98
277 597 0 18.23
278 516 0 99.30
278 1250 0 9.20
279 1122 3 43.62
279 772 6.17 81.36
280 848 13.58 48.91
281 881 0 60.34
281 251 6.63 118.00
282 912 2.33 21.11
282 560 0 30.83
283 1257 7.32 99.93
283 993 10 72.85
284 608 6.53 75.46
285 795 1 111.89
286 946 6.84 114.27
286 253 4 78.35
287 1224 2.5 20.04
288 1259 14.33 77.65
289 125 3 28.80
289 857 3.07 115.92
290 80 0 41.24
290 204 0 34.21
291 988 14.33 77.21
291 1204 10.33 113.33
292 1239 0 22.59
293 132 0 128.20
294 833 3.16 113.13
295 831 9.38 76.83
295 1182 9.53 116.66
296 978 0 11.64
297 901 0 89.04
298 558 0 6.32
298 640 3 15.67
299 1129 6.43 78.15
300 809 3 5.77
301 859 4.51 108.73
301 404 3 26.36
303 1287 8.36 58.18
303 64 16.6 54.66
304 1110 3.6 86.82
305 477 7.79 85.93
306 287 0 9.27
306 319 0 17.87
307 914 0 18.22
307 1043 0 53.50
309 402 1.69 99.39
310 394 3 77.72
310 1063 4.67 116.52
311 345 5.5 126.37
312 895 6.08 119.18
313 1056 8.95 84.08
313 626 7.81 107.58
314 239 5.11 99.12
315 625 3 82.07
315 841 4.75 109.81
317 1048 3 115.87
317 699 3 115.73
318 212 5.33 115.23
318 362 4.57 118.62
319 656 0 7.71
319 776 4.67 29.81
320 555 4.7 81.77
321 723 0 16.81
321 904 0 21.83
322 476 0 41.75
323 771 0 118.69
324 1203 8.56 88.37
325 417 1 57.86
325 844 0 6.61
326 272 6.89 116.13
326 598 9.8 50.18
327 351 13.46 112.69
327 810 7 78.10
328 839 1 27.27
329 506 4.47 148.51
329 620 5.33 15.21
330 280 6.71 34.19
331 930 8.92 113.15
331 1205 10.33 115.87
332 621 11.36 118.91
332 1075 11.29 49.72
333 560 0 9.38
333 750 0 17.02
334 647 0 4.50
335 480 8.67 114.27
335 76 7 115.70
336 484 4 149.33
337 162 0 28.65
337 1254 0 18.35
338 1117 3 87.24
339 557 10.5 78.53
340 749 3.15 114.94
340 443 10 114.29
341 1144 1.9 94.68
342 860 0 10.48
343 706 5 88.57
345 123 1.33 11.31
346 847 0 7.02
346 201 0 12.77
347 1010 7.32 89.71
347 939 10.16 85.00
347 88 11.92 82.90
348 1291 17.15 130.57
348 725 2 70.05
349 641 8.13 114.66
349 668 4.25 115.29
350 322 5.33 14.24
350 867 8.56 105.91
351 986 11.46 116.20
351 512 2 76.06
352 1190 1 11.72
352 508 0 9.75
353 460 4.65 82.65
354 331 6.57 45.28
354 698 0 56.07
355 973 8.42 56.39
356 617 7.39 31.96
356 1188 1 9.01
357 868 7 125.80
357 430 1.67 36.93
358 926 7.25 58.00
359 639 0 78.92
359 268 10.36 116.21
360 306 1 7.22
360 656 0 17.68
361 888 3.67 76.59
362 774 10.17 36.80
363 516 0 89.43
364 446 0 5.24
364 173 0 16.64
365 246 0 120.73
366 660 17.75 113.99
366 117 8.74 115.16
367 515 9.46 149.06
368 878 0 50.24
368 855 3 113.77
369 1273 2.57 114.58
370 732 3.58 27.90
370 517 5.7 13.46
371 233 0 39.11
371 63 0 32.44
372 160 6.24 111.60
372 1247 2.36 84.73
374 596 10 18.99
374 902 9.88 116.52
375 528 4.57 113.04
375 428 0 21.42
377 446 0 23.30
377 406 7.94 110.20
378 936 3.38 101.74
379 572 0 104.83
380 1034 2.5 8.23
380 500 3.2 98.39
381 920 7.82 122.38
381 683 6.17 113.81
382 353 6.47 40.36
384 52 6.27 120.30
384 245 3 113.56
385 148 9.27 115.98
385 366 10.95 115.62
386 961 10 32.12
386 954 0 14.18
387 1206 13.33 57.58
387 1231 8.25 117.20
388 680 1 20.64
389 334 0 13.05
389 1108 10 21.83
390 720 0 70.26
391 716 1 38.31
391 1286 5.35 111.20
392 593 1.5 19.35
392 193 0 6.73
393 162 0 5.64
393 232 0 12.11
394 910 5.5 77.72
395 118 0 103.82
396 1171 1 28.29
398 59 1.8 107.18
399 152 2.8 48.37
399 1096 7.19 62.51
401 1217 2.38 107.32
401 1068 6.5 111.77
402 590 1.5 93.82
403 814 12.13 75.73
404 644 0 10.81
404 479 0 2.27
405 1139 3 21.85
405 836 0 14.66
406 502 10.5 110.80
407 1089 10 60.20
408 693 10 115.25
408 81 6.88 42.89
409 336 4.67 38.57
409 983 1 10.45
410 812 7.67 55.68
410 749 2 117.83
411 440 13.71 113.99
411 56 6.75 84.50
412 259 7.63 116.87
412 1200 15 115.09
413 589 0 7.19
413 757 0 12.74
415 106 0 46.94
416 576 2.91 63.68
416 488 0 89.24
417 164 2.2 66.60
417 714 1 13.13
418 147 0 4.85
418 887 1 65.79
419 594 0 9.73
419 1281 0 17.44
420 170 20 71.56
421 186 18.15 133.37
421 806 5.5 46.65
422 1179 10 124.73
422 445 0 77.68
423 368 3.5 72.37
423 425 6.5 112.61
424 648 11.5 78.01
424 1133 14.07 113.24
425 855 4.06 72.30
425 205 5.47 47.80
426 836 5.13 91.39
426 1183 0 25.26
427 1209 0 57.32
429 496 2.91 97.34
430 441 2.56 91.13
431 458 8.75 76.57
432 778 3 116.03
433 823 11.9 91.95
433 760 10 75.02
434 1253 2 83.34
435 817 0 25.41
435 976 3.25 102.85
436 192 3 28.07
436 744 8.2 56.47
437 689 3 61.16
438 519 10.13 85.30
438 673 11.5 19.08
439 1251 5.5 59.88
440 410 9.75 114.37
440 340 14.71 118.89
441 158 0 3.26
441 550 2.33 11.69
442 429 0 7.32
442 222 2.44 98.10
443 1170 2.8 117.48
443 736 13.67 117.18
444 990 6.86 116.16
445 1145 8.23 77.68
446 721 4.38 116.99
448 918 1 30.60
448 1085 2.71 14.58
449 1215 1.5 116.31
449 546 16.94 11.00
450 788 9.8 88.83
450 1168 10.5 22.96
451 258 14.33 78.91
451 627 0 113.59
452 548 9.18 114.43
452 770 8.67 57.01
453 393 0 2.26
454 532 6.82 123.94
455 521 16.6 83.56
456 875 10 105.97
456 563 7.67 54.81
457 199 3 94.74
458 1292 12.27 13.54
459 1013 0 3.91
460 597 0 14.48
460 728 3.56 103.37
461 830 6.44 86.56
462 347 8.67 87.34
463 195 0 29.64
464 992 0 10.68
464 236 3 115.89
465 1138 9.86 75.96
466 369 4 115.00
466 634 0 54.48
467 499 10.73 58.45
468 1121 4.86 102.07
469 567 0 15.96
470 906 0 43.97
470 759 0 58.69
471 1220 1 53.11
472 789 10 77.33
473 699 4.87 115.90
473 1114 5.5 106.93
474 891 1 13.38
476 128 10 149.38
476 179 7.59 66.64
478 915 2.5 66.15
478 957 0 8.60
480 1255 16 42.18
481 52 6.5 52.22
481 414 3 60.16
482 1128 3 79.50
483 338 11.5 89.60
483 266 2.33 77.56
484 947 6.47 103.68
484 655 8.1 89.15
485 553 0 3.10
486 365 6 120.60
487 116 3.64 54.74
488 525 0 89.24
489 894 3 106.38
490 1059 7.43 48.92
490 1262 8.62 101.55
491 628 8.67 100.93
491 1276 0 36.24
492 403 5.5 66.11
493 585 5.17 65.11
494 750 0 6.66
494 224 7.57 75.95
495 1115 0 74.88
495 878 9.38 114.00
496 222 0 4.77
496 700 0 8.18
497 1103 13.33 115.99
497 86 5.4 114.33
498 299 3.75 78.13
498 768 7.67 112.76
499 799 9.35 113.77
499 633 6.92 89.59
500 1225 10.46 105.30
501 1230 2.46 40.95
502 240 4.59 105.46
503 1001 0 4.16
503 356 7.73 12.78
505 284 0 13.93
505 1278 6.77 106.23
506 1116 3.83 47.08
507 263 3 58.39
507 1112 4 58.79
508 834 8 39.35
508 248 0 0.15
510 153 6.8 29.94
510 1111 8.6 30.53
511 255 11 115.74
511 807 3.75 77.56
512 255 6.37 76.06
513 1178 0 80.46
514 1079 2 89.26
515 763 2 79.93
515 254 11.5 110.83
516 1041 0 86.14
517 150 4 111.59
519 305 2 85.85
519 323 0 67.73
520 313 9.5 100.44
520 956 5.14 79.41
521 1156 6.5 46.04
522 889 10.75 117.36
522 111 11.5 56.11
523 318 11.55 114.04
523 1136 7.92 114.83
524 950 6.4 116.68
524 133 3 76.74
525 300 6.5 65.39
526 570 0 78.73
527 735 9.34 71.62
528 175 0 28.51
529 857 5.33 37.06
529 1101 12.3 59.49
530 775 5.33 138.09
531 1189 10.5 124.25
532 1011 3.95 121.40
533 586 0 116.01
533 257 0 75.96
534 987 6.33 118.58
534 703 2 114.13
535 804 0 13.43
536 254 9 99.50
537 495 9.43 115.36
537 408 6.25 27.58
538 409 0 11.28
539 605 0 9.72
539 712 0 6.30
540 829 0 38.72
540 102 0 31.09
541 1164 0 18.29
542 1149 9.71 117.15
543 1203 6.73 116.56
543 85 11.5 114.98
544 1157 6.12 107.38
545 554 0 0.73
545 1012 0 24.79
546 1234 2 93.12
547 1092 1 133.36
548 645 2.96 117.36
548 249 0 41.47
549 737 0 12.31
549 282 0 14.81
550 449 1 12.90
550 612 4.19 115.19
551 362 8.33 48.08
552 676 0 24.19
552 53 0 13.70
553 1132 6.82 111.26
553 946 1.5 90.14
554 1235 3.64 111.48
555 1061 0 21.45
555 692 5.14 37.40
556 671 0 75.23
556 383 0 75.58
557 966 8.44 115.07
557 651 10 29.67
559 1110 1.8 49.03
559 392 14.86 101.03
559 1019 1 17.99
560 234 3 12.43
560 494 0 16.46
561 1023 6.5 55.02
562 340 3.09 118.73
562 326 7.79 115.52
563 75 11.46 73.61
564 969 0 55.39
564 1221 10.1 116.51
565 1137 3 75.95
566 1126 1 68.88
567 513 0 83.39
568 292 0 65.96
568 1251 8.57 86.46
569 120 8.53 109.46
569 1062 7.46 76.72
570 1199 11.5 19.81
571 852 0 74.49
572 1040 3.56 117.39
573 535 18.58 110.26
573 99 3 112.90
574 1162 0 103.70
575 207 1 10.36
575 100 3 12.07
576 1187 6.75 83.26
577 715 15 98.62
578 208 8.3 85.41
578 240 5.25 120.10
579 47 0 5.53
579 389 0 32.66
580 1206 7.2 116.90
580 1231 6.5 57.66
581 782 3.71 103.77
582 270 0 73.43
582 474 0 28.40
583 942 1 51.70
583 363 1 45.68
584 677 20 32.98
584 992 2 31.81
585 357 8 10.23
586 1024 0 116.40
587 886 0 9.42
588 1027 0 19.51
588 1152 0 22.90
589 301 0 24.32
589 267 0 15.48
590 615 5.5 102.32
590 61 0 16.35
591 189 0 31.11
592 674 9.22 89.91
592 386 1 77.71
594 1037 0 13.43
594 932 11.5 47.74
595 86 10.5 82.74
596 44 2.33 42.89
597 994 10.5 64.67
598 269 9 116.77
598 443 3 63.22
599 882 11.2 74.63
599 462 10.5 87.34
600 1223 0 28.61
600 901 0 1.55
601 469 0 30.35
601 1141 0 12.45
602 423 8.67 77.86
602 892 5.14 34.71
603 643 0 24.54
603 580 7.14 58.92
603 911 12.17 114.76
604 802 0 22.38
604 1212 0 17.42
605 649 0 79.11
605 98 0 41.77
606 753 0 71.42
608 1083 4.97 142.77
609 687 0 5.97
609 906 0 113.48
610 1041 0 8.99
611 1031 12.08 87.96
611 563 10.62 90.33
612 114 0 11.77
612 664 3 110.05
613 1137 5.19 122.49
613 59 0 20.15
614 705 5.54 125.95
614 893 4.85 12.89
615 168 0 76.06
616 252 3.14 59.82
616 87 3 51.75
617 1229 0 12.42
617 722 0 13.13
618 1244 0 65.50
618 221 0 93.12
619 1169 14.43 68.82
620 695 7.93 79.58
621 769 9.33 63.49
621 1269 9.92 117.03
622 1103 3.3 115.42
622 1000 8.61 115.69
623 958 7.75 104.05
624 105 16.17 116.38
624 1123 10.43 56.59
625 948 10.18 21.00
625 209 0 22.07
626 166 12 95.77
626 1197 6.73 113.88
627 1095 6.5 79.28
627 1145 0 113.86
628 150 11 66.74
629 110 1 59.72
629 1089 0 54.24
631 574 0 103.70
631 135 1.33 9.26
632 1085 3.06 111.87
633 492 9.57 78.08
633 1237 6.5 61.75
634 302 0 101.27
634 506 0 57.45
635 752 4.38 14.65
636 216 11.5 117.45
637 478 0 16.76
637 372 3.03 100.86
638 421 5.6 124.93
638 57 7.62 84.95
639 1179 11.5 78.92
640 1029 1 22.60
640 1125 7.27 81.26
641 440 6 116.13
641 562 1 116.22
642 431 8.05 108.99
642 578 8.14 95.39
644 91 10.06 64.05
645 732 7.75 114.87
645 991 1 35.14
646 790 1.95 116.14
646 800 3 76.33
647 722 0 12.95
647 898 0 6.73
648 1046 11.5 78.01
649 1275 0 102.21
650 378 2.86 101.74
651 293 0 33.94
651 71 10.25 123.25
652 793 0 32.70
652 792 6.35 75.12
653 1042 0 9.52
653 826 2.2 100.28
654 1012 1.17 109.44
654 592 5.73 33.86
655 1205 7.68 89.15
656 1246 15.75 34.76
656 45 2.2 25.17
657 1098 11.05 79.41
657 1259 0 112.49
658 103 1 97.16
659 437 9.8 133.44
659 689 11.5 99.18
660 543 10.72 116.22
660 1007 7.22 117.59
661 350 10.63 113.66
662 1066 0 19.16
662 289 5.21 41.16
663 468 5.83 24.43
663 328 3 14.94
664 995 1.5 115.52
664 317 4.67 116.84
665 927 3.75 115.12
665 79 8.38 112.25
666 320 3 45.04
667 372 2.3 77.62
668 987 7.56 116.30
668 703 10.2 120.29
669 119 8.29 58.78
670 223 10 59.95
670 94 8.5 83.21
671 359 11.5 120.00
671 1271 7.67 80.25
672 741 0 8.76
673 1118 1.5 21.62
673 781 0 14.01
674 119 6.08 86.51
675 617 0 9.71
675 748 0 14.53
676 587 0 16.50
676 65 0 20.90
677 1173 5.4 95.33
678 1169 7.5 116.73
678 523 10 118.65
679 353 0 31.78
680 1055 6 64.38
680 261 10.17 38.08
681 832 14.53 115.75
682 330 0 15.88
683 719 5.33 52.46
683 1052 9.44 118.07
684 537 9.67 54.86
684 243 12.24 118.40
685 747 5.5 98.00
685 606 0 23.69
686 608 0 16.97
686 505 2.24 76.76
687 1228 8.5 62.91
688 303 10.85 56.55
689 837 9.5 48.27
689 599 0 80.78
690 708 14.33 62.04
690 1298 3 95.67
691 784 0 107.17
692 917 0 29.59
692 315 26.19 65.76
693 900 10.92 81.54
693 824 7.33 104.54
694 190 0 38.71
694 829 7.25 28.12
695 790 1.67 79.58
696 564 7.25 54.16
697 638 3 107.83
697 140 0 107.19
699 448 3.12 108.95
699 928 6.57 116.36
700 575 4.18 105.64
700 856 11.5 113.91
701 178 11 109.19
701 71 20 112.21
702 193 0 36.69
702 579 5.09 78.01
703 381 9.22 118.06
703 818 20 61.14
704 589 0 19.26
704 267 0 10.60
705 473 6.81 117.46
705 1068 10 114.29
706 1099 2.46 88.10
706 217 0 87.49
707 686 6.38 39.15
708 1298 8.67 68.79
708 649 21.13 93.37
709 570 9.46 100.71
709 288 0 77.65
710 524 0 77.51
711 238 2.81 12.12
711 1186 2 12.10
712 1184 0 8.32
712 605 0 7.77
713 672 9.5 115.15
714 46 11.12 53.61
715 828 11.5 79.27
715 1297 12.44 108.43
716 1112 9.96 116.57
716 374 10 57.18
717 779 5 78.07
717 96 3 22.52
719 1096 2.2 101.51
719 1232 3.3 57.06
720 932 2 39.97
720 419 0 40.86
721 1078 1 30.26
722 47 1.4 32.47
722 389 11.5 4.82
723 271 0 24.51
724 419 4.87 96.17
725 457 3 95.42
725 876 0 67.34
726 550 2.83 114.17
726 664 6 115.02
727 872 9.17 132.51
727 509 2.43 14.15
728 1242 2.39 134.55
729 330 10 86.16
730 780 8.67 79.23
731 540 7.93 75.38
732 517 0 27.72
733 827 5.2 111.47
734 903 0 21.28
735 142 8.66 113.03
735 283 9.32 126.04
736 971 7.92 59.77
736 1150 10.61 115.46
737 723 0 13.73
737 734 11 130.12
738 1236 0 8.82
740 1164 0 26.48
740 541 0 11.92
741 551 0 27.42
741 774 16.6 81.25
742 467 5.08 73.22
742 715 10.56 56.11
743 879 10.5 78.98
744 1050 10 113.35
744 125 2.2 59.34
745 758 3 110.12
746 646 6.45 79.03
747 817 0 9.24
747 435 0 25.11
748 1188 0 17.26
749 1102 7.11 50.39
749 736 14.86 114.66
750 1232 1 81.32
751 483 0 61.08
751 89 7.25 89.98
752 981 2.09 17.57
753 587 0 6.49
753 552 0 34.92
754 866 0 115.61
754 184 3 44.56
755 1279 10.2 110.07
755 934 9.77 97.02
756 194 6.46 84.73
756 375 0 9.03
758 778 0 109.95
759 358 9 113.98
759 214 6.5 55.63
760 1277 11.31 91.61
760 626 6.4 84.40
762 549 0 7.70
762 912 1 19.82
763 787 9 142.09
763 163 11.81 120.32
764 775 0 20.30
764 388 1.29 80.79
765 654 6.52 126.69
765 1167 7.65 101.27
766 1294 4.13 116.35
766 522 8.22 118.00
767 1219 3 69.54
767 420 4.67 101.15
768 620 6.57 119.88
768 434 6.5 83.45
769 113 10.56 8.48
770 167 20 29.83
770 249 0 113.85
771 1033 0 144.14
771 1104 0 72.41
772 1195 8.86 50.09
773 124 9.05 63.57
773 292 6.67 51.16
774 487 9 26.48
775 206 0 32.02
776 1246 0 9.56
776 1081 3 9.07
777 873 4.44 108.83
778 964 4.29 127.24
779 1061 0 32.23
779 692 1 16.20
780 929 9.2 99.29
780 491 9.07 123.48
781 39 0 21.36
781 1241 0 19.46
782 485 2.08 64.21
782 631 3 13.30
783 818 10 117.44
783 381 10 61.65
784 613 0 24.47
784 1248 0 13.03
785 367 1 88.81
786 1283 5.69 79.92
787 1047 9.8 77.34
787 830 8.82 114.71
788 1015 0 11.10
788 1198 1.29 33.97
789 910 5.8 113.80
789 1084 2.47 127.54
790 417 2.04 120.86
790 667 4.5 77.62
791 470 9.38 118.35
792 914 10.77 60.60
792 960 0 21.77
793 960 0 58.59
794 264 5.5 100.52
795 61 0 8.87
796 794 1 61.65
796 1022 0 51.46
797 1097 7.74 131.16
798 103 3 16.97
799 916 6.44 148.25
800 768 5.5 76.33
801 76 6 99.44
801 490 3.08 113.79
802 1100 2.33 24.80
802 588 1 29.43
803 523 10 60.40
803 812 2 112.90
804 1114 0 13.48
804 928 0 107.01
805 751 11.5 59.60
805 455 13.22 83.56
806 1282 5.83 112.80
806 57 0 118.98
807 327 6.67 77.56
808 1128 10 117.26
808 1161 11 78.61
809 840 15.75 53.38
810 1063 10.22 78.10
811 996 2 104.10
812 1136 1 62.67
812 1102 1.5 117.49
813 731 2 75.42
814 799 8 75.82
815 1077 0 14.18
815 805 0 23.29
816 521 0 60.44
817 53 0 3.29
817 552 0 13.99
818 1274 10 48.13
819 1278 5.13 13.08
819 284 4.11 105.13
820 860 0 68.66
820 998 8.78 16.59
821 226 0 16.87
822 75 13.07 108.78
823 1277 15 72.60
824 497 5.8 104.15
825 797 6.4 105.07
826 235 2.46 135.81
826 999 0 12.46
827 343 2.33 88.57
828 633 3.38 113.30
828 467 8.67 10.30
829 198 2.13 86.52
829 1045 9.17 118.28
830 921 0 77.81
830 808 0 114.43
831 950 10 76.83
832 726 8.57 115.87
832 995 7.33 116.09
833 503 0 43.36
833 144 0 46.47
834 745 6.47 28.28
835 782 5.36 78.62
836 690 0 31.40
836 1139 0 19.04
837 872 2.33 48.84
838 1174 3.2 12.80
839 401 0 41.10
840 159 0 61.24
841 91 4.2 103.37
842 1026 0 79.14
842 203 4.25 19.55
843 430 0 4.09
844 46 8.17 5.36
844 1073 0 6.07
845 979 18 138.83
846 307 3 12.19
846 172 0 16.38
847 55 0 40.21
848 43 0 65.77
848 874 7.43 61.46
849 310 0 77.67
851 1025 11.5 56.92
851 1016 18 79.97
852 234 0 17.59
852 494 0 12.55
853 840 8.13 139.00
853 754 0 12.82
854 1148 0 40.69
855 495 0 51.85
855 684 3 115.57
856 79 5.53 116.55
856 245 6.75 113.63
857 1086 0 18.39
857 727 3.93 120.24
858 202 8 117.35
858 1123 8.76 115.91
859 459 6.54 108.44
860 1091 9.53 21.10
860 415 0 65.43
861 300 0 79.22
862 1175 4.25 71.51
862 423 4.75 102.15
864 1276 0 79.34
865 1105 5.27 88.03
866 1007 6 70.82
867 869 4 106.72
868 726 2.12 116.57
868 681 11.64 117.20
869 322 0 19.77
869 350 8 24.74
872 629 6.3 52.42
873 977 4.08 79.19
873 747 0 24.97
874 958 4.08 144.29
874 1260 3.78 76.63
875 324 6.7 88.90
876 1265 0 32.31
876 199 10 92.58
877 1080 2 148.76
877 66 0 4.80
878 868 8.5 118.35
878 933 5.9 105.39
879 327 7 117.81
879 849 9.45 77.67
880 842 0 7.07
880 951 0 21.07
881 141 3 106.63
882 1191 0 20.22
883 588 4.47 18.23
884 78 1 5.42
884 189 1 27.69
885 398 1.25 8.63
887 1013 5.38 33.72
887 250 8.2 112.82
888 1030 1.93 79.05
888 310 4.75 114.58
889 439 10 58.70
889 1106 18 83.94
890 227 7.61 13.86
890 819 0 9.43
891 1153 1.67 105.45
891 270 6.5 32.06
892 974 2 86.77
892 1017 5.2 107.42
893 707 1 105.18
894 1252 3 29.01
894 1005 1 127.85
895 1279 8.58 24.21
896 845 10.17 139.01
897 1057 9.82 79.79
898 1229 0 6.05
899 42 0 37.40
899 959 0 15.12
900 277 8.5 81.54
901 1176 0 107.33
901 1250 0 41.20
902 672 11.36 112.71
902 51 7.67 116.85
903 177 10.64 103.76
903 498 3 8.50
904 282 0 12.34
904 737 0 14.68
905 450 6.96 104.49
906 926 6.14 70.51
907 155 3.17 69.30
907 1186 2 6.74
908 645 0 76.26
909 1288 0 105.67
910 1284 8.79 114.90
910 670 8.67 72.24
911 1036 8 116.10
911 636 20 118.13
912 935 0 42.98
913 167 0 108.85
913 1266 2.67 75.18
914 296 0 10.51
914 1193 0 12.04
915 308 0 57.68
915 325 0 7.38
916 1054 3.96 147.50
916 905 7.29 105.02
917 1079 2.33 49.02
917 1253 0 119.60
918 650 1.77 101.89
918 41 0 84.10
919 1045 0 15.07
919 396 3 33.85
920 668 8.13 117.82
920 165 6.56 111.92
921 295 8.8 77.81
922 709 0 107.53
922 657 12.71 136.29
923 407 9.88 63.91
924 864 0 79.34
924 424 15.14 82.54
925 738 20 12.07
925 138 4.78 87.21
926 1228 2.6 112.95
926 1120 0 58.28
927 259 6.25 114.07
927 1200 1.75 118.40
928 41 11.5 105.43
928 99 2.8 115.79
929 628 0 116.33
929 732 10 51.31
930 527 9.72 43.98
930 596 7.5 114.07
931 1044 6.91 115.26
932 559 6.15 78.16
933 585 1.7 84.21
934 391 5.11 19.66
934 507 11.67 115.92
935 223 11 89.65
935 94 0 61.31
936 238 2.8 11.94
936 907 0 5.23
937 691 0 107.17
938 966 0 78.12
939 642 8.22 85.00
940 821 8.34 134.37
941 388 1 84.69
941 764 0 29.24
942 1094 0 12.44
943 204 11.17 123.98
943 233 3 42.37
943 371 0 38.95
944 1194 5.5 137.24
945 390 0 26.16
945 724 3.91 33.93
946 1127 4.13 64.49
947 1090 4.38 50.83
948 209 0 5.35
948 883 0 12.92
949 232 0 138.66
950 701 8.93 116.59
950 1173 8.64 147.70
951 1065 9 29.98
952 1293 5.5 138.79
953 491 11.5 79.30
954 669 5.5 12.29
954 777 5.75 108.84
955 678 11.5 61.57
956 765 3.23 79.40
957 752 0 5.69
957 463 0 15.94
958 350 6.04 129.57
958 1180 7.09 103.08
959 948 0 30.24
959 42 5.5 36.75
960 225 3.1 56.60
961 669 0 10.15
962 980 0 113.90
962 526 6.5 78.38
963 913 2.56 118.78
964 109 2.94 140.49
965 70 17.28 106.79
965 108 6 115.37
966 107 20 77.31
966 291 9.26 115.90
967 561 10 114.97
967 1087 10.75 55.11
969 665 11 63.38
970 511 0 79.30
971 1070 10 114.40
971 115 8.67 57.23
972 318 10.6 118.26
972 678 13.43 115.71
973 403 10.19 102.08
973 688 9.8 111.40
974 1248 0 20.81
974 613 0 13.02
975 451 9.76 77.89
976 545 2.6 102.82
977 983 5.2 29.70
977 685 0 19.77
978 1193 0 6.39
979 530 6 137.32
980 1154 0 56.56
980 1004 7.78 116.12
981 78 7.34 21.39
981 637 0 14.73
982 1210 9.8 81.59
983 121 3.41 149.05
984 1222 0 105.87
985 486 0 31.25
986 710 4.4 77.51
986 295 6.75 116.44
987 641 8.71 116.95
987 411 8.6 115.99
988 548 8.6 77.21
989 925 0 8.95
989 578 3.64 109.22
990 661 8 115.33
991 370 0 110.31
992 677 0 35.48
993 729 6.8 86.05
993 865 10.07 96.01
994 281 0 2.36
995 622 4.24 116.90
995 1048 11 116.35
996 1052 7.83 104.31
996 965 1.33 116.04
997 77 2 58.85
999 60 0 7.16
999 501 1 7.19
1000 707 3.5 144.94
1000 705 9.14 116.63
1001 1018 0 10.58
1001 1069 1.67 27.47
1002 196 3 12.60
1002 146 5.92 52.33
1003 1150 12.13 113.56
1003 104 2.38 57.41
1004 1093 6 114.75
1005 566 9.83 128.25
1006 384 3.7 117.20
1006 856 3.75 115.69
1007 117 9.8 113.59
1007 1036 10 115.78
1008 970 7.33 79.30
1008 367 9.79 116.06
1009 1060 4.67 105.56
1009 49 0 67.87
1010 721 9 95.15
1011 40 10.73 121.39
1012 67 16.29 130.08
1012 386 0 16.62
1013 328 0 13.09
1014 816 6.75 149.28
1014 1029 3 20.03
1015 944 0 9.51
1015 187 11.5 135.79
1016 139 10 87.73
1016 303 3 37.67
1017 862 1 12.84
1018 201 0 5.87
1018 847 0 15.87
1019 871 0 15.60
1019 940 0 7.15
1020 1135 1 47.02
1021 170 15.44 11.30
1021 791 3 113.28
1023 1087 8.25 116.08
1023 619 1 44.18
1024 426 0 45.77
1024 54 0 12.22
1025 1287 3 115.76
1025 424 38.25 96.74
1026 134 2.44 78.85
1027 301 0 18.07
1027 404 1.83 15.66
1029 815 0 13.75
1030 1284 2.03 79.04
1031 773 9.68 41.51
1032 138 14 122.08
1032 576 9.5 75.17
1033 438 0 15.82
1033 377 0 11.95
1034 129 11.86 21.31
1034 1258 0 8.04
1036 159 15.95 117.38
1036 853 7.83 57.36
1037 304 9.64 88.53
1037 360 3 26.45
1038 632 5.33 111.89
1039 813 11.5 106.54
1039 1158 2.67 86.90
1040 323 0 76.70
1040 477 8 108.08
1041 554 0 0.73
1041 545 0 0.08
1042 294 0 8.89
1042 373 1.57 26.88
1043 72 6.36 73.90
1043 792 0 15.43
1044 813 10.36 39.63
1045 273 9.75 22.37
1045 1226 16.6 24.19
1046 183 5.5 113.62
1046 982 0 82.45
1047 986 8.5 77.34
1048 473 4.25 114.49
1048 1000 3.6 115.66
1049 1221 6 57.25
1049 969 0 117.05
1050 387 11 58.05
1051 1122 8.6 143.19
1052 70 5.31 117.46
1052 920 7.17 115.13
1053 1172 0 2.44
1053 644 0 16.20
1054 788 0 149.06
1055 931 8.67 113.97
1056 1167 7.26 74.75
1056 760 7.93 108.84
1057 422 3 113.15
1057 200 21.69 78.23
1058 1290 6.3 79.41
1058 821 6.88 59.40
1059 565 0 76.01
1059 784 0 50.38
1060 96 2.5 109.99
1060 320 7.52 106.38
1061 717 0 77.81
1061 739 0 60.20
1062 674 8.25 14.55
1062 179 8.44 110.06
1063 472 8.52 77.33
1063 1138 10.33 110.13
1064 341 2.33 46.43
1064 974 0 20.41
1065 923 3 55.47
1065 1071 2.33 58.17
1066 151 1.88 76.51
1067 781 0 24.59
1067 1118 0 14.49
1068 250 1 115.29
1068 1163 7.67 108.98
1069 126 0 33.65
1070 1166 5 59.93
1071 77 0 47.46
1071 218 8.13 93.83
1072 142 6.43 18.95
1072 51 4 116.93
1074 482 10 79.50
1074 657 0 113.85
1075 972 6.5 64.44
1075 955 13.21 115.12
1076 577 0 112.48
1077 1272 0 7.77
1077 298 0 8.77
1078 502 0 64.58
1078 642 7.82 88.24
1079 329 2.6 92.87
1079 1233 0 49.75
1080 50 0 6.03
1080 663 7.86 27.14
1081 694 8 146.60
1082 600 0 16.08
1083 893 0 17.09
1083 127 2.25 11.07
1084 63 11.5 125.42
1085 108 3 12.42
1085 429 2.17 9.75
1086 260 5.8 115.37
1087 332 10.25 115.75
1087 90 7.29 43.12
1089 837 10 66.12
1090 256 6.14 111.25
1090 354 2 36.37
1091 197 5.55 90.40
1092 277 2.5 84.52
1092 728 0 15.88
1093 764 0 31.79
1093 122 16.2 37.02
1094 1176 0 62.56
1094 1216 0 27.88
1095 1204 2.33 79.28
1096 333 2 52.03
1097 298 10.84 30.26
1098 1295 9.29 79.41
1099 1256 0 88.07
1100 959 0 6.02
1100 883 2 32.05
1101 216 13.2 57.48
1102 1003 6.16 65.03
1103 505 4 47.20
1104 1033 0 75.45
1105 568 1 88.03
1106 92 10.1 83.94
1107 1273 2.33 29.20
1107 899 0 12.82
1107 1100 10 26.98
1108 231 4.77 48.70
1108 1268 0 17.30
1109 73 6.71 115.80
1109 326 3 58.86
1109 696 9.4 116.19
1110 702 8.13 23.44
1111 274 0 7.85
1111 181 0 31.44
1112 902 8.5 57.24
1113 136 8.33 27.17
1113 1111 13.2 29.31
1114 1163 0 10.77
1115 681 11.5 44.95
1116 1107 0 56.08
1116 514 3.3 95.12
1117 742 0 13.39
1118 191 11.86 40.13
1119 241 0 141.28
1119 1008 2 120.30
1119 489 5.33 106.38
1120 113 20 112.50
1120 507 4 56.94
1121 413 2.5 102.64
1122 772 2.5 76.11
1122 243 11 71.37
1123 436 7.8 114.12
1123 1050 17 57.12
1125 786 4.5 82.20
1126 1119 11.5 103.18
1126 171 1.97 135.92
1127 226 6.67 113.04
1127 390 0 94.09
1128 1295 8 117.45
1128 339 10.75 78.53
1129 835 3.65 78.12
1129 646 3.56 115.16
1130 1024 0 97.13
1130 405 0 70.29
1131 985 0 40.49
1131 486 5.5 54.35
1132 945 2.47 111.29
1133 276 3 78.98
1133 427 8.64 56.98
1134 984 0 77.53
1135 332 3 116.45
1135 182 7.67 116.03
1136 212 3 115.46
1136 1003 4.29 117.14
1137 192 4 109.84
1138 524 1 120.24
1138 69 10.29 79.09
1139 767 2.33 42.82
1141 968 0 78.28
1141 469 0 25.62
1142 363 0 38.14
1142 942 0 33.11
1143 101 20 17.41
1144 169 11 94.69
1145 730 11.5 79.23
1145 1249 7.25 124.11
1146 397 0 58.72
1146 794 1.91 55.89
1147 156 15.5 118.92
1147 1166 20 59.66
1148 679 8.14 64.14
1149 264 9.08 92.67
1150 1070 9.33 59.74
1150 156 11.5 58.58
1151 827 0 120.24
1151 1134 0 71.11
1152 604 3 29.58
1153 442 0 7.33
1153 448 0 9.58
1155 1160 0 21.23
1155 352 0 10.46
1156 176 9.89 15.46
1156 499 11.5 83.37
1157 1209 4.96 86.01
1158 62 0 29.41
1158 1044 7.8 99.06
1161 1182 15 78.61
1162 1240 4.71 103.69
1163 535 0 13.26
1164 922 9.85 134.45
1165 1055 0 52.00
1165 97 0 78.45
1166 543 7.11 113.61
1166 115 8.13 112.94
1167 569 9.2 68.71
1167 433 10.16 111.39
1168 342 0 79.46
1168 415 0 108.86
1169 157 9.57 116.68
1169 1218 11.5 120.04
1170 366 8.87 117.67
1170 269 3 60.67
1171 594 2 18.20
1171 1281 0 11.97
1173 421 0 32.95
1173 178 9.71 125.79
1174 1131 0 10.09
1174 312 5.83 29.74
1175 368 10 101.50
1175 933 3 52.11
1176 1035 0 4.09
1176 453 0 93.26
1177 501 2.43 86.46
1178 145 0 35.59
1179 1264 0 78.17
1179 851 3 113.39
1180 865 8.17 102.17
1181 504 4.67 82.05
1182 557 12.44 116.47
1182 1211 11 76.81
1183 131 0 18.49
1183 539 0 5.16
1184 1190 0 13.01
1184 1160 0 3.43
1185 474 0 6.28
1185 207 1.57 92.35
1186 811 0 5.33
1186 1038 5 111.89
1187 738 8.13 84.14
1187 456 11 143.79
1188 718 6.75 25.27
1188 219 0 12.51
1189 714 7.07 70.07
1190 131 0 15.24
1190 712 0 10.41
1191 809 3 52.10
1191 659 9.9 102.04
1192 822 20 45.96
1193 846 6.4 17.91
1194 68 7.56 134.47
1195 205 1.8 120.34
1195 684 8.6 99.31
1196 137 0 94.10
1197 1192 13 125.84
1197 1236 0 6.99
1198 820 0 36.51
1198 342 0 63.02
1199 897 0 79.79
1199 556 0 37.17
1200 180 0 54.84
1200 564 11.23 116.39
1201 952 0 86.44
1202 1238 0 30.64
1202 297 0 87.97
1203 184 11.17 117.38
1203 866 0 44.96
1204 908 9 76.26
1204 780 12.37 114.67
1205 850 0 52.23
1205 735 10.97 114.77
1206 202 7.67 58.95
1208 447 0 50.80
1208 927 7.52 82.45
1209 210 5.39 140.21
1210 690 0 25.77
1211 701 0 76.62
1212 531 1 123.93
1213 600 0 56.66
1213 1082 0 60.24
1214 896 0 17.71
1215 335 7.67 114.75
1215 1208 0 28.50
1216 567 0 84.63
1216 676 0 12.26
1217 614 1 11.45
1218 803 0 54.76
1218 410 8.33 112.61
1219 1021 3.75 75.21
1219 247 11 123.77
1220 1058 9.63 112.68
1220 653 4 13.87
1221 481 6.5 63.45
1221 1109 10.29 55.92
1222 379 0 105.88
1224 776 0 28.32
1224 319 0 13.61
1225 825 0 105.22
1226 45 16.6 41.56
1226 396 0 23.60
1227 493 0 114.83
1228 769 13.2 49.50
1229 220 0 9.87
1229 863 1.4 16.17
1230 294 3.33 60.62
1231 636 15 115.90
1231 529 9.14 114.93
1232 811 0 12.25
1232 711 0 5.29
1234 843 0 8.93
1234 480 1.67 11.26
1235 733 1 111.46
1236 989 0 12.05
1237 492 11.2 46.41
1237 688 10.33 102.73
1238 285 0 116.93
1238 188 0 105.71
1240 211 0 20.93
1240 903 3 11.51
1241 377 0 19.17
1241 438 0 12.70
1242 547 3 15.06
1242 890 1.67 17.93
1243 770 0 121.51
1244 314 4 96.55
1245 85 10.93 113.36
1245 1147 7.25 57.33
1246 1226 0 21.24
1246 273 14.33 25.02
1247 242 7 85.83
1248 1227 5.9 114.83
1248 1017 0 80.81
1249 924 0 33.29
1249 953 20 79.30
1250 583 0 54.85
1251 1245 7.4 115.07
1251 1031 21.2 80.44
1252 1039 18.3 3.91
1253 321 3 95.20
1254 400 0 37.87
1254 601 0 21.45
1255 801 1 78.75
1255 937 1 72.24
1256 1104 0 70.06
1257 682 5.5 40.23
1259 1057 13.74 117.07
1259 975 8.67 77.89
1260 336 1 25.32
1260 538 10 33.87
1261 1151 0 108.63
1262 616 8.63 111.34
1262 624 11.5 59.13
1263 854 0 60.50
1264 1249 8 78.17
1265 1285 0 10.80
1265 962 11.5 87.31
1266 182 10 75.18
1267 1293 0 38.75
1267 1201 10 85.77
1268 647 1.44 54.51
1268 334 0 11.44
1269 551 4.67 66.04
1269 972 7.8 115.19
1270 783 9.64 43.39
1270 80 3 29.47
1271 422 0 80.25
1273 1212 0 21.42
1273 802 0 17.04
1274 943 8.47 27.91
1274 1280 2 114.22
1275 1157 2.33 72.79
1276 1046 6 74.01
1277 166 5.5 85.84
1277 75 10.62 96.56
1278 227 0 10.52
1279 533 6.65 131.82
1280 534 7.56 112.44
1280 1282 6.33 113.18
1281 798 0 91.32
1281 919 3 70.89
1282 1023 13.93 117.94
1282 157 8.73 111.01
1283 1091 12.81 80.02
1284 1240 7.25 10.10
1284 265 2.55 71.65
1286 895 11.29 94.60
1286 312 4.12 70.85
1287 228 11.5 65.27
1288 1184 0 45.85
1288 98 0 12.18
1289 606 0 67.08
1290 940 10 81.42
1291 359 10.16 132.71
1291 1076 0 111.52
1292 1032 9.09 123.62
1292 525 14.33 62.12
1293 1014 11.17 62.18
1294 1146 9 36.70
1294 889 7.82 113.92
1295 938 0 78.12
1295 451 0 114.03
1296 380 7.57 132.77
1297 268 9.6 108.43
1298 539 0 3.28
1298 1183 0 4.12
1299 1074 3.27 66.00
1299 922 13.2 137.57
1300 823 3.43 72.02
41 928 11.5 105.43
43 848 0 65.77
44 596 2.33 42.89
51 1072 4 116.93
51 902 7.67 116.85
52 481 6.5 52.22
56 411 6.75 84.50
57 638 7.62 84.95
57 806 0 118.98
58 64 11.29 78.15
62 1158 0 29.41
63 371 0 32.44
64 303 16.6 54.66
69 1138 10.29 79.09
70 965 17.28 106.79
71 701 20 112.21
71 651 10.25 123.25
75 822 13.07 108.78
75 1277 10.62 96.56
76 801 6 99.44
77 997 2 58.85
77 1071 0 47.46
81 408 6.88 42.89
85 543 11.5 114.98
85 1245 10.93 113.36
86 497 5.4 114.33
86 595 10.5 82.74
88 347 11.92 82.90
89 751 7.25 89.98
90 1087 7.29 43.12
91 841 4.2 103.37
92 1106 10.1 83.94
92 264 8.73 100.85
96 717 3 22.52
96 1060 2.5 109.99
97 1165 0 78.45
99 928 2.8 115.79
99 573 3 112.90
102 540 0 31.09
104 156 14.6 115.74
105 76 7 57.66
105 624 16.17 116.38
107 966 20 77.31
111 522 11.5 56.11
113 769 10.56 8.48
113 1120 20 112.50
115 971 8.67 57.23
116 212 14.33 116.14
116 487 3.64 54.74
117 366 8.74 115.16
119 674 6.08 86.51
119 669 8.29 58.78
120 569 8.53 109.46
120 179 8.87 70.05
124 773 9.05 63.57
125 744 2.2 59.34
125 289 3 28.80
126 1069 0 33.65
133 524 3 76.74
137 31 0 6.31
138 1032 14 122.08
138 925 4.78 87.21
140 697 0 107.19
140 57 12.13 113.72
142 1072 6.43 18.95
143 163 3 120.89
148 385 9.27 115.98
150 628 11 66.74
154 109 10.75 40.74
156 1147 15.5 118.92
156 1150 11.5 58.58
157 1282 8.73 111.01
157 1169 9.57 116.68
159 1036 15.95 117.38
159 840 0 61.24
160 253 12.6 78.35
163 763 11.81 120.32
165 70 8.44 115.25
166 1277 5.5 85.84
167 770 20 29.83
170 420 20 71.56
170 1021 15.44 11.30
174 268 50 80.55
176 1156 9.89 15.46
176 89 11.5 89.98
178 701 11 109.19
179 1062 8.44 110.06
179 476 7.59 66.64
180 82 12.69 116.08
180 1200 0 54.84
182 1266 10 75.18
182 1135 7.67 116.03
183 276 11.43 78.98
184 1203 11.17 117.38
184 754 3 44.56
185 183 9.13 105.43
189 591 0 31.11
195 463 0 29.64
199 457 3 94.74
199 876 10 92.58
200 1057 21.69 78.23
202 1206 7.67 58.95
202 858 8 117.35
208 578 8.3 85.41
212 1136 3 115.46
212 318 5.33 115.23
213 254 11.5 120.66
214 170 8.67 102.28
214 759 6.5 55.63
216 636 11.5 117.45
223 935 11 89.65
226 821 0 16.87
228 1287 11.5 65.27
229 60 1 32.87
236 63 5.5 87.87
236 464 3 115.89
238 711 2.81 12.12
240 578 5.25 120.10
242 1247 7 85.83
243 1122 11 71.37
245 856 6.75 113.63
249 548 0 41.47
250 887 8.2 112.82
250 1068 1 115.29
252 616 3.14 59.82
253 286 4 78.35
254 515 11.5 110.83
254 536 9 99.50
255 512 6.37 76.06
257 533 0 75.96
258 451 14.33 78.91
261 680 10.17 38.08
263 507 3 58.39
264 1149 9.08 92.67
268 359 10.36 116.21
268 1297 9.6 108.43
270 891 6.5 32.06
272 326 6.89 116.13
275 214 10.63 116.42
276 1133 3 78.98
277 900 8.5 81.54
280 9 1 68.42
283 735 9.32 126.04
286 226 4.67 62.59
288 709 0 77.65
291 258 11 78.91
292 773 6.67 51.16
292 568 0 65.96
295 921 8.8 77.81
300 525 6.5 65.39
300 861 0 79.22
303 688 10.85 56.55
303 1016 3 37.67
310 888 4.75 114.58
312 1286 4.12 70.85
313 208 6.5 85.41
316 151 2.82 23.89
317 664 4.67 116.84
317 270 1 78.12
318 523 11.55 114.04
318 972 10.6 118.26
320 1060 7.52 106.38
322 350 5.33 14.24
324 875 6.7 88.90
326 1109 3 58.86
326 562 7.79 115.52
329 1079 2.6 92.87
330 729 10 86.16
331 256 4.86 74.36
332 1135 3 116.45
332 1087 10.25 115.75
338 483 11.5 89.60
339 1128 10.75 78.53
340 440 14.71 118.89
344 261 10 49.42
349 52 9.83 116.24
349 165 4.8 117.05
350 869 8 24.74
350 958 6.04 129.57
351 69 7.29 79.09
355 64 10 56.12
358 275 0 57.14
358 759 9 113.98
359 671 11.5 120.00
359 1291 10.16 132.71
362 551 8.33 48.08
362 318 4.57 118.62
366 1170 8.87 117.67
366 385 10.95 115.62
367 785 1 88.81
367 1008 9.79 116.06
368 423 3.5 72.37
371 943 0 38.95
372 667 2.3 77.62
373 149 2.5 33.61
374 716 10 57.18
381 703 9.22 118.06
385 180 13.2 62.43
385 272 7.33 116.44
386 1012 0 16.62
387 125 9.38 114.11
387 1050 11 58.05
391 934 5.11 19.66
395 99 13.86 105.31
403 492 5.5 66.11
405 1130 0 70.29
407 923 9.88 63.91
407 110 0 58.62
408 537 6.25 27.58
410 1218 8.33 112.61
410 440 9.75 114.37
411 157 9.63 119.65
411 987 8.6 115.99
412 202 4.43 115.06
414 481 3 60.16
416 184 6.88 60.10
417 790 2.04 120.86
420 767 4.67 101.15
421 1173 0 32.95
422 1057 3 113.15
422 1271 0 80.25
423 862 4.75 102.15
423 602 8.67 77.86
424 1025 38.25 96.74
425 423 6.5 112.61
427 58 0 78.15
431 138 6.75 39.81
431 642 8.05 108.99
433 1167 10.16 111.39
433 120 0 73.42
434 768 6.5 83.45
436 252 0 57.56
437 659 9.8 133.44
439 889 10 58.70
439 111 9.81 116.21
440 411 13.71 113.99
440 641 6 116.13
443 598 3 63.22
443 340 10 114.29
445 422 0 77.68
449 550 1 12.90
451 975 9.76 77.89
452 107 5.14 77.31
452 71 19.58 117.23
455 805 13.22 83.56
457 725 3 95.42
458 431 8.75 76.57
458 88 10 67.34
461 163 11 86.56
464 18 0 58.61
464 133 10.85 76.74
465 236 10 75.96
467 828 8.67 10.30
467 742 5.08 73.22
470 791 9.38 118.35
470 6 10 107.79
473 1048 4.25 114.49
481 1221 6.5 63.45
482 1074 10 79.50
486 985 0 31.25
487 51 16.14 111.40
487 774 9 26.48
488 416 0 89.24
489 1119 5.33 106.38
491 953 11.5 79.30
492 1237 11.2 46.41
492 633 9.57 78.08
495 537 9.43 115.36
495 855 0 51.85
497 227 2.89 77.36
497 824 5.8 104.15
498 903 3 8.50
499 1156 11.5 83.37
499 467 10.73 58.45
504 1181 4.67 82.05
507 1120 4 56.94
507 934 11.67 115.92
509 216 8.67 64.06
512 351 2 76.06
515 367 9.46 149.06
517 732 0 27.72
521 816 0 60.44
521 455 16.6 83.56
522 156 3 56.82
522 766 8.22 118.00
523 678 10 118.65
523 803 10 60.40
524 1138 1 120.24
524 710 0 77.51
525 488 0 89.24
525 1292 14.33 62.12
526 962 6.5 78.38
527 930 9.72 43.98
527 44 8.75 113.54
529 1231 9.14 114.93
534 157 8.25 114.94
534 1280 7.56 112.44
535 573 18.58 110.26
536 62 3 64.93
536 97 9 81.80
537 684 9.67 54.86
541 213 4.78 125.39
542 116 13.18 100.08
542 51 1 51.51
543 1166 7.11 113.61
543 660 10.72 116.22
545 1041 0 0.08
548 988 8.6 77.21
548 452 9.18 114.43
550 726 2.83 114.17
551 1269 4.67 66.04
551 741 0 27.42
556 1199 0 37.17
557 339 10.5 78.53
561 967 10 114.97
561 57 10.43 59.16
562 641 1 116.22
563 611 10.62 90.33
564 1200 11.23 116.39
569 1167 9.2 68.71
570 526 0 78.73
570 709 9.46 100.71
573 250 10 102.06
573 96 7.67 106.38
576 1032 9.5 75.17
576 416 2.91 63.68
577 1076 0 112.48
577 93 0 9.56
578 989 3.64 109.22
578 642 8.14 95.39
580 603 7.14 58.92
595 81 3 82.74
596 374 10 18.99
598 326 9.8 50.18
603 148 4 115.70
603 202 8 115.46
609 6 7.58 46.13
610 168 0 9.41
611 85 0 32.77
619 1023 1 44.18
619 90 10.83 114.30
620 329 5.33 15.21
620 768 6.57 119.88
621 332 11.36 118.91
621 182 8.17 114.52
622 86 9.54 116.24
623 16 8 107.30
624 252 11.5 114.31
624 1262 11.5 59.13
626 760 6.4 84.40
627 200 7.25 78.23
628 491 8.67 100.93
628 929 0 116.33
633 499 6.92 89.59
633 828 3.38 113.30
636 1231 15 115.90
636 911 20 118.13
638 178 0 31.78
639 359 0 78.92
641 987 8.71 116.95
641 349 8.13 114.66
642 939 8.22 85.00
642 1078 7.82 88.24
645 908 0 76.26
645 548 2.96 117.36
646 1129 3.56 115.16
646 746 6.45 79.03
648 424 11.5 78.01
651 557 10 29.67
657 1074 0 113.85
657 922 12.71 136.29
659 1191 9.9 102.04
659 159 0 58.54
660 366 17.75 113.99
660 115 8.68 115.14
664 726 6 115.02
667 790 4.5 77.62
668 349 4.25 115.29
668 920 8.13 117.82
669 954 5.5 12.29
671 199 12.08 95.12
671 556 0 75.23
672 902 11.36 112.71
672 713 9.5 115.15
674 1062 8.25 14.55
677 992 0 35.48
678 972 13.43 115.71
678 955 11.5 61.57
681 1115 11.5 44.95
682 1257 5.5 40.23
683 381 6.17 113.81
684 1195 8.6 99.31
687 182 8.93 86.71
687 609 0 5.97
688 973 9.8 111.40
688 1237 10.33 102.73
689 659 11.5 99.18
692 779 1 16.20
693 408 10 115.25
693 243 11.14 82.57
695 620 7.93 79.58
698 354 0 56.07
699 317 3 115.73
701 1211 0 76.62
701 950 8.93 116.59
703 668 10.2 120.29
703 534 2 114.13
705 1000 9.14 116.63
707 1000 3.5 144.94
709 922 0 107.53
710 986 4.4 77.51
711 1232 0 5.29
713 263 10.08 54.12
713 113 13.71 58.73
714 417 1 13.13
715 742 10.56 56.11
715 577 15 98.62
716 391 1 38.31
717 1061 0 77.81
719 683 5.33 52.46
726 868 2.12 116.57
726 832 8.57 115.87
729 993 6.8 86.05
730 1145 11.5 79.23
732 929 10 51.31
732 370 3.58 27.90
732 645 7.75 114.87
735 527 9.34 71.62
736 749 14.86 114.66
736 443 13.67 117.18
738 925 20 12.07
738 1187 8.13 84.14
739 1061 0 60.20
741 672 0 8.76
742 1117 0 13.39
744 436 8.2 56.47
746 160 6.8 79.03
749 410 2 117.83
754 853 0 12.82
755 275 10.93 18.03
759 470 0 58.69
760 433 10 75.02
760 1056 7.93 108.84
761 271 2.57 86.09
763 515 2 79.93
766 212 5.5 114.34
768 498 7.67 112.76
768 800 5.5 76.33
769 1228 13.2 49.50
769 621 9.33 63.49
770 452 8.67 57.01
772 1122 2.5 76.11
773 1031 9.68 41.51
774 741 16.6 81.25
774 362 10.17 36.80
779 717 5 78.07
780 730 8.67 79.23
783 152 6.5 107.52
785 255 11.5 88.81
787 763 9 142.09
789 236 8.67 114.95
790 646 1.95 116.14
790 695 1.67 79.58
791 1021 3 113.28
791 247 0 34.96
794 796 1 61.65
796 1 0 15.66
799 499 9.35 113.77
800 646 3 76.33
803 1218 0 54.76
806 421 5.5 46.65
808 32 9.66 144.34
809 1191 3 52.10
809 300 3 5.77
812 803 2 112.90
812 410 7.67 55.68
813 1039 11.5 106.54
816 10 0 32.97
816 1014 6.75 149.28
818 783 10 117.44
818 703 20 61.14
821 940 8.34 134.37
822 1192 20 45.96
823 1300 3.43 72.02
823 433 11.9 91.95
824 693 7.33 104.54
828 715 11.5 79.27
829 102 15.21 40.17
830 461 6.44 86.56
831 295 9.38 76.83
832 681 14.53 115.75
832 86 9.22 117.61
837 1089 10 66.12
837 689 9.5 48.27
840 809 15.75 53.38
840 853 8.13 139.00
841 315 4.75 109.81
841 96 32.31 96.31
850 1205 0 52.23
851 1179 3 113.39
851 174 10 80.55
853 1036 7.83 57.36
855 425 4.06 72.30
856 700 11.5 113.91
857 529 5.33 37.06
858 105 0 58.74
861 184 8.5 79.22
864 924 0 79.34
865 993 10.07 96.01
865 4 0 39.98
866 754 0 115.61
868 878 8.5 118.35
869 119 3.36 61.99
870 263 0 64.94
872 837 2.33 48.84
875 85 3 37.65
875 456 10 105.97
878 368 0 50.24
878 495 9.38 114.00
882 599 11.2 74.63
882 88 10.86 148.36
889 522 10.75 117.36
889 1294 7.82 113.92
894 489 3 106.38
895 1286 11.29 94.60
897 1199 0 79.79
900 693 10.92 81.54
902 374 9.88 116.52
902 1112 8.5 57.24
903 1240 3 11.51
906 609 0 113.48
906 470 0 43.97
908 1204 9 76.26
910 789 5.8 113.80
911 603 12.17 114.76
911 117 11.75 113.69
917 692 0 29.59
920 1052 7.17 115.13
921 830 0 77.81
922 1299 13.2 137.57
923 1065 3 55.47
923 77 20 56.68
925 989 0 8.95
926 358 7.25 58.00
926 906 6.14 70.51
927 1208 7.52 82.45
928 699 6.57 116.36
928 804 0 107.01
929 780 9.2 99.29
933 878 5.9 105.39
934 755 9.77 97.02
938 1295 0 78.12
939 347 10.16 85.00
940 1019 0 7.15
943 1274 8.47 27.91
947 34 0 30.36
950 831 10 76.83
950 524 6.4 116.68
952 1201 0 86.44
953 1249 20 79.30
955 90 0 6.95
955 1075 13.21 115.12
958 623 7.75 104.05
961 386 10 32.12
966 938 0 78.12
967 140 12.22 62.44
969 1049 0 117.05
971 736 7.92 59.77
972 1075 6.5 64.44
972 1269 7.8 115.19
975 1259 8.67 77.89
982 1046 0 82.45
985 154 5.54 54.32
986 1047 8.5 77.34
987 534 6.33 118.58
987 668 7.56 116.30
988 291 14.33 77.21
989 1236 0 12.05
991 645 1 35.14
992 584 2 31.81
992 464 0 10.68
993 92 9.45 118.02
993 283 10 72.85
995 832 7.33 116.09
997 19 0 11.44
997 173 6.5 28.60
1000 1048 3.6 115.66
1000 622 8.61 115.69
1003 1136 4.29 117.14
1007 660 7.22 117.59
1008 1119 2 120.30
1009 238 0 10.74
1012 545 0 24.79
1016 851 18 79.97
1019 559 1 17.99
1020 167 7.33 89.39
1020 22 0 78.84
1021 1219 3.75 75.21
1022 796 0 51.46
1023 1282 13.93 117.94
1023 561 6.5 55.02
1025 851 11.5 56.92
1031 611 12.08 87.96
1031 1251 21.2 80.44
1032 1292 9.09 123.62
1036 911 8 116.10
1036 1007 10 115.78
1039 1252 18.3 3.91
1041 610 0 8.99
1044 1158 7.8 99.06
1046 648 11.5 78.01
1047 787 9.8 77.34
1048 317 3 115.87
1048 995 11 116.35
1049 245 8 62.97
1050 1123 17 57.12
1050 744 10 113.35
1051 161 6.5 70.07
1051 21 0 71.73
1052 996 7.83 104.31
1055 1165 0 52.00
1056 313 8.95 84.08
1057 897 9.82 79.79
1057 1259 13.74 117.07
1060 1009 4.67 105.56
1060 99 1 109.98
1061 555 0 21.45
1062 569 7.46 76.72
1063 310 4.67 116.52
1068 401 6.5 111.77
1068 705 10 114.29
1070 1150 9.33 59.74
1070 971 10 114.40
1072 44 18 53.62
1073 23 1 30.58
1074 1299 3.27 66.00
1075 332 11.29 49.72
1076 1291 0 111.52
1079 917 2.33 49.02
1087 967 10.75 55.11
1087 1023 8.25 116.08
1088 35 0 11.35
1089 629 0 54.24
1089 407 10 60.20
1095 627 6.5 79.28
1098 657 11.05 79.41
1101 13 0 49.65
1102 812 1.5 117.49
1103 497 13.33 115.99
1106 889 18 83.94
1109 1221 10.29 55.92
1112 507 4 58.79
1112 716 9.96 116.57
1114 473 5.5 106.93
1115 495 0 74.88
1115 81 3 115.96
1117 176 0 27.15
1117 338 3 87.24
1119 1126 11.5 103.18
1120 926 0 58.28
1122 279 3 43.62
1122 1051 8.6 143.19
1123 624 10.43 56.59
1128 482 3 79.50
1130 257 6.54 76.64
1133 228 11.5 32.01
1135 1020 1 47.02
1135 140 9.25 118.74
1136 812 1 62.67
1136 523 7.92 114.83
1138 1063 10.33 110.13
1138 465 9.86 75.96
1139 405 3 21.85
1140 164 0 79.24
1145 445 8.23 77.68
1149 542 9.71 117.15
1149 142 10.5 33.93
1150 1003 12.13 113.56
1150 736 10.61 115.46
1154 980 0 56.56
1156 521 6.5 46.04
1158 1039 2.67 86.90
1159 56 0 50.91
1161 808 11 78.61
1163 1068 7.67 108.98
1165 261 20 61.23
1166 1070 5 59.93
1167 765 7.65 101.27
1167 1056 7.26 74.75
1169 678 7.5 116.73
1169 619 14.43 68.82
1170 443 2.8 117.48
1173 950 8.64 147.70
1179 422 10 124.73
1179 639 11.5 78.92
1181 106 10 80.69
1182 1161 15 78.61
1187 576 6.75 83.26
1191 882 0 20.22
1192 166 0 31.27
1192 1197 13 125.84
1197 626 6.73 113.88
1199 570 11.5 19.81
1200 927 1.75 118.40
1200 412 15 115.09
1201 1267 10 85.77
1203 543 6.73 116.56
1204 1095 2.33 79.28
1205 331 10.33 115.87
1206 387 13.33 57.58
1206 580 7.2 116.90
1208 1215 0 28.50
1210 982 9.8 81.59
1211 1182 11 76.81
1215 449 1.5 116.31
1218 56 0 32.95
1218 1169 11.5 120.04
1221 1049 6 57.25
1221 564 10.1 116.51
1228 687 8.5 62.91
1228 926 2.6 112.95
1231 580 6.5 57.66
1231 387 8.25 117.20
1232 719 3.3 57.06
1236 738 0 8.82
1236 1197 0 6.99
1237 633 6.5 61.75
1237 268 12.6 117.36
1239 292 0 22.59
1240 1284 7.25 10.10
1243 71 9.96 80.51
1245 111 10.55 61.60
1247 372 2.36 84.73
1249 1264 8 78.17
1251 439 5.5 59.88
1252 894 3 29.01
1252 102 3.08 104.64
1253 434 2 83.34
1259 657 0 112.49
1259 288 14.33 77.65
1262 490 8.62 101.55
1264 1179 0 78.17
1266 913 2.67 75.18
1269 621 9.92 117.03
1271 671 7.67 80.25
1274 818 10 48.13
1276 864 0 79.34
1277 823 15 72.60
1277 760 11.31 91.61
1279 755 10.2 110.07
1280 186 6.53 108.67
1280 1274 2 114.22
1282 806 5.83 112.80
1282 1280 6.33 113.18
1284 910 8.79 114.90
1286 391 5.35 111.20
1287 1025 3 115.76
1287 303 8.36 58.18
1291 348 17.15 130.57
1292 458 12.27 13.54
1293 952 5.5 138.79
1294 116 11.67 116.15
1295 1098 9.29 79.41
1297 715 12.44 108.43
1299 143 7.67 120.55
1300 120 11.43 92.60
1300 128 10 21.14
1 6 291 1204 1259 1057 1179 851 791 470 524 950 249 991
2 8 855 684 612 664 965 70 858 202 744 1050 995 1048 1060 96 920 165
3 10 1106 92 1166 115 660 1007 488 525 626 1197 433 760 598 269 641 562 1169 157 972 678
