S 1129.79
F 176 348 364 328 26 13 157 333 212 252
G (297, 282), (282, 261), (261, 240), (240, 274), (274, 290), (290, 308), (308, 322), (322, 336), (336, 327), (327, 336), (336, 345), (345, 342), (342, 330), (330, 325), (325, 321), (321, 310), (310, 294), (294, 275), (275, 254), (254, 233), (233, 254), (254, 275), (275, 294), (294, 309), (309, 288), (288, 309), (309, 314), (314, 297)
G (211, 188), (188, 168), (168, 151), (151, 134), (134, 111), (111, 123), (123, 127), (127, 125), (125, 144), (144, 163), (163, 182), (182, 211), (211, 188), (188, 168), (168, 188), (188, 168), (168, 186), (186, 210), (210, 234), (234, 257), (257, 250), (250, 232), (232, 223), (223, 211)
Z1 (148, 153), (153, 171), (171, 153), (153, 148), (148, 138), (138, 137), (137, 148), (148, 138), (138, 132), (132, 138), (138, 148), (148, 138), (138, 148)
Z1 (267, 262), (262, 267), (267, 276), (276, 277), (277, 276), (276, 267)
Z1 (109, 121), (121, 109), (109, 434), (434, 109), (109, 437), (437, 109)
Z2 (122, 116), (116, 122), (122, 116), (116, 100), (100, 117), (117, 130), (130, 146), (146, 161), (161, 156), (156, 134), (134, 122)
Z2 (233, 214), (214, 191), (191, 214), (214, 233)
Z2 (273, 260), (260, 263), (263, 461), (461, 263), (263, 260), (260, 235), (235, 244), (244, 265), (265, 294), (294, 265), (265, 273)
Z3 (373, 379), (379, 385), (385, 376), (376, 374), (374, 376), (376, 374), (374, 366), (366, 373), (373, 366), (366, 373)
Z3 (392, 385), (385, 379), (379, 371), (371, 378), (378, 383), (383, 386), (386, 383), (383, 386), (386, 391), (391, 393), (393, 395), (395, 392)
Z3 (359, 362), (362, 375), (375, 381), (381, 380), (380, 372), (372, 368), (368, 372), (372, 359)
