S 1137.62
F 336 176 210 333 366 116 379 252 372 315
G (275, 288), (288, 309), (309, 314), (314, 297), (297, 282), (282, 261), (261, 240), (240, 274), (274, 290), (290, 281), (281, 261), (261, 233), (233, 214), (214, 191), (191, 214), (214, 191), (191, 221), (221, 251), (251, 274), (274, 290), (290, 281), (281, 261), (261, 233), (233, 254), (254, 275)
G (17, 24), (24, 34), (34, 43), (43, 59), (59, 50), (50, 39), (39, 50), (50, 59), (59, 81), (81, 97), (97, 85), (85, 69), (69, 51), (51, 41), (41, 26), (26, 18), (18, 13), (13, 8), (8, 5), (5, 9), (9, 12), (12, 17)
Z1 (153, 148), (148, 138), (138, 132), (132, 138), (138, 148), (148, 153), (153, 171), (171, 443), (443, 171), (171, 153)
Z1 (22, 32), (32, 35), (35, 40), (40, 49), (49, 57), (57, 49), (49, 40), (40, 35), (35, 32), (32, 22)
Z1 (212, 198), (198, 203), (203, 190), (190, 172), (172, 157), (157, 178), (178, 198), (198, 212)
Z2 (209, 232), (232, 223), (223, 211), (211, 188), (188, 168), (168, 186), (186, 209)
Z2 (88, 77), (77, 74), (74, 73), (73, 68), (68, 73), (73, 74), (74, 77), (77, 74), (74, 73), (73, 72), (72, 73), (73, 74), (74, 73), (73, 74), (74, 77), (77, 74), (74, 72), (72, 52), (52, 63), (63, 80), (80, 100), (100, 88)
Z2 (263, 260), (260, 235), (235, 244), (244, 275), (275, 294), (294, 265), (265, 273), (273, 260), (260, 263), (263, 461), (461, 263)
Z3 (395, 396), (396, 398), (398, 397), (397, 390), (390, 382), (382, 376), (376, 385), (385, 392), (392, 395)
Z3 (358, 348), (348, 332), (332, 319), (319, 328), (328, 343), (343, 358)
Z3 (377, 369), (369, 363), (363, 355), (355, 364), (364, 371), (371, 364), (364, 370), (370, 377)
