S 1173.97
F 336 26 13 333 212 116 254 315 366 369
G (364, 357), (357, 348), (348, 332), (332, 319), (319, 328), (328, 343), (343, 358), (358, 365), (365, 371), (371, 364), (364, 370), (370, 364), (364, 371), (371, 378), (378, 383), (383, 386), (386, 391), (391, 393), (393, 395), (395, 393), (393, 395), (395, 392), (392, 385), (385, 379), (379, 371), (371, 378), (378, 383), (383, 377), (377, 370), (370, 364)
G (292, 293), (293, 292), (292, 293), (293, 300), (300, 310), (310, 321), (321, 325), (325, 330), (330, 325), (325, 321), (321, 310), (310, 294), (294, 309), (309, 294), (294, 309), (309, 314), (314, 309), (309, 294), (294, 275), (275, 288), (288, 297), (297, 282), (282, 261), (261, 233), (233, 205), (205, 180), (180, 176), (176, 192), (192, 210), (210, 234), (234, 257), (257, 278), (278, 292)
Z1 (252, 228), (228, 252), (252, 228), (228, 247), (247, 266), (266, 252)
Z1 (157, 178), (178, 190), (190, 202), (202, 179), (179, 172), (172, 157), (157, 141), (141, 140), (140, 141), (141, 157)
Z1 (256, 258), (258, 246), (246, 222), (222, 216), (216, 219), (219, 224), (224, 238), (238, 255), (255, 259), (259, 279), (279, 291), (291, 287), (287, 258), (258, 256)
Z2 (156, 174), (174, 186), (186, 210), (210, 192), (192, 176), (176, 161), (161, 156)
Z2 (168, 186), (186, 209), (209, 232), (232, 223), (223, 211), (211, 188), (188, 168)
Z2 (273, 260), (260, 263), (263, 461), (461, 263), (263, 260), (260, 235), (235, 244), (244, 265), (265, 294), (294, 265), (265, 273)
Z3 (359, 362), (362, 375), (375, 381), (381, 380), (380, 372), (372, 368), (368, 372), (372, 359)
Z3 (274, 240), (240, 274), (274, 290), (290, 281), (281, 261), (261, 240), (240, 274)
Z3 (309, 288), (288, 309), (309, 314), (314, 309)
