S 1243.69
F 336 348 328 274 157 333 212 366 252 372
G (26, 18), (18, 26), (26, 39), (39, 50), (50, 59), (59, 67), (67, 68), (68, 73), (73, 72), (72, 73), (73, 74), (74, 73), (73, 72), (72, 73), (73, 68), (68, 67), (67, 68), (68, 76), (76, 93), (93, 110), (110, 124), (124, 97), (97, 85), (85, 69), (69, 51), (51, 45), (45, 36), (36, 47), (47, 56), (56, 65), (65, 51), (51, 41), (41, 26), (26, 18), (18, 13), (13, 18), (18, 26)
G (232, 223), (223, 211), (211, 188), (188, 168), (168, 151), (151, 134), (134, 122), (122, 116), (116, 100), (100, 117), (117, 130), (130, 150), (150, 158), (158, 170), (170, 191), (191, 214), (214, 233), (233, 254), (254, 275), (275, 288), (288, 309), (309, 294), (294, 310), (310, 300), (300, 293), (293, 292), (292, 293), (293, 292), (292, 278), (278, 257), (257, 250), (250, 232)
Z1 (13, 8), (8, 406), (406, 8), (8, 13)
Z1 (256, 258), (258, 246), (246, 222), (222, 216), (216, 204), (204, 208), (208, 204), (204, 208), (208, 220), (220, 208), (208, 220), (220, 219), (219, 224), (224, 238), (238, 255), (255, 259), (259, 258), (258, 256)
Z1 (153, 148), (148, 138), (138, 148), (148, 153), (153, 171), (171, 185), (185, 204), (204, 185), (185, 171), (171, 153)
Z2 (244, 275), (275, 294), (294, 265), (265, 273), (273, 260), (260, 263), (263, 461), (461, 263), (263, 260), (260, 235), (235, 244)
Z2 (88, 77), (77, 74), (74, 73), (73, 68), (68, 73), (73, 72), (72, 73), (73, 74), (74, 73), (73, 74), (74, 77), (77, 74), (74, 72), (72, 52), (52, 63), (63, 80), (80, 100), (100, 88)
Z2 (174, 186), (186, 210), (210, 192), (192, 176), (176, 161), (161, 156), (156, 174)
Z3 (379, 384), (384, 391), (391, 386), (386, 383), (383, 386), (386, 383), (383, 377), (377, 370), (370, 364), (364, 371), (371, 379)
Z3 (398, 397), (397, 390), (390, 382), (382, 376), (376, 385), (385, 392), (392, 395), (395, 396), (396, 398)
Z3 (283, 298), (298, 313), (313, 305), (305, 285), (285, 264), (264, 283)
