18 29 2 2 1 2 1405.36 766.56
111 2
123 2
125 2
127 2
134 2
144 1
151 2
156 2
163 1
168 1
174 2
182 1
186 1
188 1
209 1
211 1
223 1
232 1
111 123 2.38 63.64
123 125 2.57 13.10
123 127 2 26.71
125 144 2.23 121.01
127 125 1 24.38
134 111 3.97 132.37
144 168 2.46 133.48
144 163 2.31 129.56
151 134 4.7 98.42
156 134 4.27 123.42
156 174 10.52 97.92
163 182 2.68 129.55
168 151 6.39 98.42
168 186 3.25 116.36
174 186 9.43 97.92
186 209 8.8 125.84
188 168 9.68 127.76
209 232 10.49 125.81
211 182 3.06 132.67
211 188 7.44 127.75
223 211 4.52 50.33
232 223 2.12 56.72
134 151 4.7 98.42
151 168 6.39 98.42
168 188 9.68 127.76
182 211 3.06 132.67
188 211 7.44 127.75
211 223 4.52 50.33
223 232 2.12 56.72
1 2 186 209 211 188 
