20 30 2 1 2 2 801.7 400.85
9 1
12 1
13 1
17 1
18 1
21 1
24 1
26 1
31 2
36 2
39 1
41 1
45 2
47 2
51 2
54 1
56 2
65 2
69 2
90 2
9 12 2.94 86.18
9 13 7.11 131.04
12 17 2.62 86.16
13 21 5.15 136.47
17 24 2.71 132.49
18 13 6.72 86.10
21 36 5.06 135.80
21 31 6.35 85.79
24 39 3.8 132.27
26 18 9.45 86.10
26 17 3.39 133.01
31 41 6.17 85.65
36 47 4.14 93.24
39 54 2.51 136.35
39 26 4.74 135.42
41 26 5.75 135.39
41 54 6.71 135.06
45 36 3.17 87.23
47 56 1.5 86.13
51 45 4.25 86.19
51 41 4.71 115.79
54 69 6.5 115.21
56 65 2.33 86.13
65 51 12.13 113.01
65 90 3.3 135.21
69 51 2.71 136.05
69 90 2.11 112.86
13 18 6.72 86.10
18 26 9.45 86.10
26 39 4.74 135.42
1 0
2 0
