1793 3546 3 10 3 3 10665.50 1221.83
1 3
2 3
3 3
4 1
5 2
6 1
7 2
8 1
9 2
10 1
11 3
12 3
13 2
14 3
15 3
16 3
17 1
18 3
19 1
20 1
21 1
22 2
23 3
24 3
25 3
26 3
27 3
28 1
29 3
30 3
31 1
32 2
33 3
34 3
35 3
36 3
37 1
38 3
39 3
40 3
41 3
42 1
59 2
63 1
233 1
292 2
300 1
330 1
360 2
403 2
414 1
447 3
466 3
467 3
471 2
489 2
532 2
536 1
562 3
565 2
581 3
756 2
897 3
946 2
974 1
986 2
1116 1
1117 2
1154 2
1164 3
1206 1
1305 3
1313 3
1320 2
1324 2
1429 2
1450 1
1458 2
1485 1
1492 2
1531 1
1598 1
1617 3
1646 3
1662 2
1675 1
1755 2
43 3
44 1
45 2
46 1
47 3
48 3
49 3
50 2
51 3
52 2
53 2
54 3
55 1
56 3
57 3
58 2
60 3
61 3
62 2
64 3
65 2
66 2
67 1
68 2
69 1
70 2
71 3
72 1
73 1
74 3
75 2
76 1
77 3
78 2
79 1
80 3
81 1
82 3
83 3
84 1
85 3
86 1
87 3
88 2
89 2
90 2
91 3
92 1
93 2
94 3
95 1
96 2
97 2
98 1
99 3
100 2
101 1
102 2
103 2
104 1
105 1
106 1
107 1
108 3
109 3
110 1
111 1
112 3
113 3
114 3
115 2
116 1
117 3
118 1
119 3
120 2
121 1
122 2
123 3
124 2
125 2
126 1
127 1
128 2
129 1
130 1
131 1
132 2
133 3
134 1
135 3
136 2
137 2
138 2
139 2
140 2
141 1
142 2
143 2
144 3
145 2
146 3
147 3
148 3
149 3
150 3
151 1
152 3
153 2
154 2
155 1
156 3
157 1
158 1
159 1
160 1
161 2
162 1
163 3
164 1
165 1
166 2
167 2
168 1
169 3
170 2
171 2
172 1
173 2
174 3
175 3
176 2
177 2
178 2
179 2
180 3
181 3
182 1
183 1
184 3
185 1
186 1
187 3
188 1
189 3
190 1
191 3
192 1
193 2
194 2
195 1
196 3
197 2
198 1
199 1
200 2
201 2
202 2
203 3
204 3
205 2
206 3
207 3
208 2
209 3
210 3
211 3
212 3
213 2
214 2
215 2
216 3
217 2
218 2
219 2
220 3
221 2
222 3
223 1
224 2
225 2
226 1
227 2
228 1
229 3
230 3
231 1
232 2
234 2
235 2
236 1
237 1
238 3
239 2
240 2
241 1
242 1
243 3
244 1
245 2
246 2
247 1
248 3
249 3
250 2
251 2
252 2
253 3
254 1
255 1
256 3
257 3
258 2
259 3
260 3
261 1
262 1
263 1
264 2
265 2
266 2
267 2
268 2
269 3
270 3
271 3
272 2
273 1
274 2
275 1
276 3
277 3
278 1
279 1
280 2
281 2
282 1
283 3
284 3
285 2
286 1
287 1
288 2
289 2
290 3
291 2
293 1
294 3
295 3
296 3
297 1
298 1
299 3
301 3
302 1
303 2
304 2
305 1
306 1
307 1
308 2
309 3
310 3
311 2
312 1
313 1
314 1
315 1
316 2
317 1
318 3
319 1
320 3
321 3
322 3
323 2
324 2
325 2
326 2
327 3
328 1
329 1
331 3
332 3
333 1
334 3
335 3
336 1
337 3
338 3
339 3
340 3
341 1
342 2
343 2
344 1
345 3
346 2
347 2
348 3
349 2
350 2
351 3
352 2
353 2
354 3
355 2
356 1
357 2
358 1
359 2
361 3
362 3
363 3
364 2
365 2
366 2
367 3
368 2
369 2
370 3
371 1
372 2
373 3
374 3
375 3
376 3
377 2
378 1
379 3
380 2
381 2
382 3
383 1
384 2
385 3
386 1
387 2
388 1
389 3
390 2
391 1
392 3
393 3
394 3
395 2
396 3
397 3
398 1
399 1
400 1
401 1
402 3
404 1
405 1
406 2
407 2
408 3
409 3
410 2
411 2
412 1
413 3
415 3
416 2
417 1
418 2
419 2
420 3
421 2
422 3
423 3
424 1
425 1
426 2
427 1
428 1
429 3
430 2
431 2
432 3
433 3
434 2
435 3
436 3
437 3
438 2
439 2
440 2
441 2
442 1
443 2
444 2
445 2
446 3
448 3
449 1
450 3
451 2
452 2
453 3
454 3
455 3
456 1
457 2
458 1
459 1
460 3
461 1
462 3
463 1
464 2
465 2
468 2
469 1
470 2
472 1
473 1
474 2
475 1
476 3
477 3
478 3
479 1
480 1
481 3
482 3
483 1
484 1
485 3
486 3
487 2
488 3
490 2
491 3
492 1
493 2
494 3
495 3
496 3
497 2
498 3
499 2
500 1
501 1
502 3
503 2
504 2
505 1
506 1
507 2
508 1
509 1
510 3
511 2
512 3
513 3
514 2
515 1
516 2
517 3
518 2
519 2
520 3
521 2
522 2
523 1
524 1
525 1
526 1
527 2
528 3
529 1
530 3
531 1
533 2
534 1
535 3
537 1
538 1
539 3
540 1
541 2
542 3
543 1
544 2
545 3
546 3
547 3
548 1
549 1
550 1
551 1
552 1
553 1
554 2
555 1
556 1
557 3
558 3
559 2
560 3
561 1
563 1
564 3
566 3
567 2
568 2
569 3
570 2
571 2
572 3
573 1
574 2
575 2
576 2
577 1
578 2
579 3
580 3
582 2
583 2
584 2
585 3
586 3
587 2
588 2
589 3
590 2
591 2
592 1
593 2
594 2
595 2
596 3
597 3
598 3
599 1
600 3
601 2
602 3
603 3
604 2
605 3
606 3
607 1
608 2
609 2
610 1
611 3
612 2
613 3
614 3
615 3
616 1
617 2
618 2
619 3
620 2
621 1
622 1
623 1
624 1
625 1
626 1
627 2
628 1
629 3
630 1
631 3
632 2
633 1
634 3
635 1
636 3
637 1
638 1
639 1
640 3
641 3
642 1
643 3
644 1
645 3
646 2
647 3
648 3
649 1
650 3
651 1
652 3
653 1
654 3
655 1
656 3
657 2
658 2
659 2
660 3
661 1
662 3
663 3
664 3
665 3
666 2
667 2
668 1
669 3
670 1
671 3
672 2
673 3
674 3
675 1
676 1
677 2
678 2
679 3
680 3
681 3
682 3
683 2
684 3
685 3
686 3
687 3
688 1
689 2
690 3
691 1
692 3
693 3
694 2
695 3
696 2
697 1
698 1
699 2
700 3
701 1
702 2
703 1
704 1
705 3
706 3
707 2
708 2
709 2
710 1
711 1
712 3
713 2
714 1
715 3
716 3
717 3
718 1
719 1
720 1
721 3
722 3
723 3
724 1
725 1
726 2
727 3
728 2
729 3
730 2
731 1
732 2
733 1
734 2
735 1
736 3
737 3
738 2
739 3
740 1
741 3
742 2
743 3
744 1
745 3
746 1
747 1
748 3
749 3
750 3
751 1
752 2
753 3
754 1
755 1
757 2
758 2
759 3
760 2
761 3
762 2
763 2
764 1
765 1
766 3
767 2
768 3
769 2
770 3
771 2
772 1
773 3
774 1
775 3
776 1
777 3
778 1
779 3
780 2
781 1
782 3
783 2
784 3
785 1
786 2
787 1
788 2
789 2
790 3
791 3
792 2
793 3
794 3
795 3
796 2
797 3
798 1
799 3
800 2
801 3
802 3
803 2
804 3
805 3
806 1
807 1
808 1
809 2
810 1
811 1
812 2
813 2
814 2
815 1
816 3
817 3
818 3
819 2
820 1
821 3
822 1
823 2
824 2
825 1
826 3
827 2
828 1
829 3
830 2
831 1
832 1
833 1
834 3
835 2
836 2
837 1
838 3
839 3
840 2
841 3
842 1
843 3
844 3
845 2
846 1
847 2
848 2
849 3
850 3
851 2
852 2
853 1
854 2
855 1
856 1
857 1
858 1
859 1
860 3
861 2
862 2
863 1
864 1
865 3
866 2
867 1
868 1
869 2
870 2
871 1
872 3
873 1
874 2
875 2
876 2
877 1
878 2
879 1
880 3
881 1
882 2
883 2
884 1
885 2
886 1
887 3
888 3
889 2
890 2
891 1
892 1
893 3
894 1
895 1
896 1
898 1
899 3
900 2
901 3
902 3
903 2
904 3
905 2
906 1
907 2
908 3
909 1
910 1
911 1
912 1
913 1
914 3
915 2
916 2
917 3
918 2
919 2
920 3
921 2
922 1
923 2
924 2
925 3
926 3
927 3
928 3
929 3
930 3
931 1
932 3
933 1
934 3
935 2
936 2
937 1
938 2
939 3
940 2
941 2
942 3
943 3
944 2
945 3
947 1
948 1
949 1
950 1
951 2
952 1
953 1
954 3
955 3
956 2
957 1
958 1
959 1
960 2
961 2
962 2
963 2
964 3
965 3
966 3
967 3
968 3
969 3
970 1
971 2
972 3
973 3
975 3
976 1
977 2
978 2
979 3
980 1
981 2
982 2
983 3
984 2
985 2
987 2
988 2
989 1
990 3
991 3
992 3
993 3
994 1
995 3
996 1
997 3
998 3
999 2
1000 1
1001 1
1002 2
1003 1
1004 3
1005 2
1006 3
1007 1
1008 1
1009 1
1010 3
1011 3
1012 3
1013 2
1014 1
1015 1
1016 1
1017 2
1018 1
1019 2
1020 2
1021 3
1022 2
1023 1
1024 2
1025 3
1026 3
1027 1
1028 1
1029 2
1030 1
1031 2
1032 3
1033 2
1034 3
1035 1
1036 1
1037 3
1038 3
1039 2
1040 3
1041 2
1042 2
1043 3
1044 2
1045 3
1046 1
1047 3
1048 3
1049 3
1050 3
1051 1
1052 1
1053 2
1054 2
1055 3
1056 1
1057 3
1058 3
1059 1
1060 3
1061 2
1062 3
1063 3
1064 2
1065 2
1066 2
1067 2
1068 2
1069 1
1070 2
1071 3
1072 2
1073 2
1074 2
1075 3
1076 3
1077 1
1078 2
1079 3
1080 3
1081 1
1082 1
1083 1
1084 1
1085 1
1086 3
1087 3
1088 1
1089 2
1090 3
1091 3
1092 2
1093 1
1094 1
1095 3
1096 3
1097 3
1098 3
1099 3
1100 1
1101 2
1102 1
1103 1
1104 1
1105 3
1106 2
1107 1
1108 1
1109 1
1110 3
1111 1
1112 3
1113 3
1114 1
1115 2
1118 3
1119 3
1120 2
1121 3
1122 3
1123 2
1124 2
1125 2
1126 3
1127 1
1128 2
1129 1
1130 3
1131 1
1132 1
1133 3
1134 3
1135 1
1136 1
1137 2
1138 3
1139 2
1140 2
1141 1
1142 3
1143 2
1144 2
1145 1
1146 2
1147 1
1148 3
1149 3
1150 2
1151 2
1152 3
1153 3
1155 3
1156 3
1157 1
1158 2
1159 3
1160 1
1161 3
1162 3
1163 2
1165 3
1166 2
1167 1
1168 3
1169 1
1170 2
1171 1
1172 2
1173 2
1174 1
1175 2
1176 2
1177 3
1178 2
1179 1
1180 3
1181 3
1182 2
1183 3
1184 3
1185 3
1186 2
1187 3
1188 2
1189 2
1190 1
1191 3
1192 3
1193 2
1194 3
1195 1
1196 3
1197 3
1198 2
1199 2
1200 2
1201 1
1202 1
1203 2
1204 3
1205 1
1207 2
1208 1
1209 3
1210 1
1211 3
1212 3
1213 2
1214 2
1215 1
1216 1
1217 1
1218 1
1219 2
1220 3
1221 3
1222 3
1223 3
1224 2
1225 1
1226 3
1227 2
1228 3
1229 3
1230 1
1231 1
1232 3
1233 1
1234 3
1235 1
1236 3
1237 3
1238 1
1239 3
1240 1
1241 1
1242 1
1243 1
1244 1
1245 3
1246 2
1247 2
1248 3
1249 2
1250 3
1251 2
1252 2
1253 1
1254 2
1255 2
1256 2
1257 3
1258 2
1259 2
1260 3
1261 1
1262 2
1263 3
1264 3
1265 3
1266 1
1267 1
1268 3
1269 3
1270 3
1271 2
1272 2
1273 2
1274 2
1275 3
1276 3
1277 2
1278 2
1279 3
1280 2
1281 2
1282 3
1283 2
1284 2
1285 1
1286 2
1287 3
1288 3
1289 3
1290 3
1291 1
1292 1
1293 3
1294 1
1295 2
1296 2
1297 3
1298 3
1299 3
1300 3
1301 1
1302 1
1303 1
1304 3
1306 2
1307 2
1308 2
1309 2
1310 3
1311 2
1312 1
1314 3
1315 1
1316 1
1317 2
1318 3
1319 1
1321 2
1322 3
1323 2
1325 2
1326 1
1327 1
1328 2
1329 2
1330 3
1331 1
1332 3
1333 2
1334 3
1335 2
1336 2
1337 3
1338 3
1339 1
1340 1
1341 2
1342 2
1343 2
1344 1
1345 3
1346 3
1347 3
1348 3
1349 1
1350 1
1351 1
1352 1
1353 1
1354 3
1355 2
1356 3
1357 3
1358 1
1359 2
1360 2
1361 1
1362 2
1363 1
1364 2
1365 1
1366 3
1367 1
1368 1
1369 1
1370 2
1371 2
1372 3
1373 3
1374 2
1375 1
1376 2
1377 1
1378 1
1379 2
1380 1
1381 3
1382 1
1383 2
1384 2
1385 3
1386 1
1387 3
1388 1
1389 2
1390 3
1391 2
1392 2
1393 2
1394 2
1395 2
1396 2
1397 3
1398 3
1399 3
1400 2
1401 2
1402 3
1403 2
1404 3
1405 2
1406 2
1407 1
1408 1
1409 2
1410 3
1411 1
1412 3
1413 1
1414 3
1415 3
1416 1
1417 2
1418 2
1419 1
1420 2
1421 2
1422 2
1423 1
1424 3
1425 3
1426 2
1427 2
1428 2
1430 3
1431 3
1432 1
1433 2
1434 1
1435 3
1436 2
1437 1
1438 3
1439 2
1440 2
1441 3
1442 2
1443 2
1444 3
1445 2
1446 1
1447 3
1448 2
1449 3
1451 2
1452 3
1453 2
1454 3
1455 3
1456 3
1457 1
1459 1
1460 3
1461 3
1462 1
1463 1
1464 1
1465 2
1466 2
1467 1
1468 3
1469 3
1470 3
1471 2
1472 3
1473 2
1474 1
1475 3
1476 1
1477 2
1478 1
1479 1
1480 1
1481 3
1482 2
1483 1
1484 2
1486 3
1487 3
1488 2
1489 2
1490 2
1491 1
1493 2
1494 3
1495 1
1496 1
1497 3
1498 1
1499 2
1500 2
1501 1
1502 2
1503 1
1504 3
1505 2
1506 2
1507 3
1508 2
1509 3
1510 2
1511 3
1512 2
1513 1
1514 3
1515 2
1516 2
1517 1
1518 2
1519 2
1520 3
1521 3
1522 2
1523 2
1524 1
1525 1
1526 3
1527 2
1528 3
1529 2
1530 1
1532 2
1533 3
1534 2
1535 1
1536 3
1537 1
1538 3
1539 1
1540 2
1541 1
1542 2
1543 2
1544 2
1545 3
1546 3
1547 2
1548 2
1549 3
1550 1
1551 3
1552 2
1553 3
1554 2
1555 1
1556 1
1557 2
1558 1
1559 1
1560 2
1561 1
1562 2
1563 3
1564 3
1565 2
1566 1
1567 2
1568 2
1569 3
1570 2
1571 3
1572 2
1573 2
1574 3
1575 3
1576 1
1577 1
1578 1
1579 2
1580 3
1581 2
1582 1
1583 2
1584 2
1585 2
1586 2
1587 2
1588 1
1589 3
1590 2
1591 3
1592 1
1593 1
1594 2
1595 2
1596 2
1597 3
1599 2
1600 2
1601 3
1602 3
1603 1
1604 2
1605 3
1606 3
1607 3
1608 1
1609 2
1610 1
1611 1
1612 2
1613 1
1614 3
1615 2
1616 3
1618 3
1619 1
1620 1
1621 2
1622 3
1623 3
1624 2
1625 1
1626 2
1627 3
1628 2
1629 2
1630 2
1631 1
1632 2
1633 1
1634 2
1635 2
1636 1
1637 3
1638 2
1639 3
1640 1
1641 2
1642 1
1643 2
1644 3
1645 2
1647 1
1648 3
1649 2
1650 3
1651 2
1652 1
1653 1
1654 3
1655 2
1656 1
1657 1
1658 1
1659 1
1660 1
1661 2
1663 3
1664 2
1665 3
1666 3
1667 3
1668 3
1669 3
1670 3
1671 1
1672 2
1673 3
1674 3
1676 1
1677 3
1678 1
1679 1
1680 1
1681 3
1682 3
1683 3
1684 1
1685 2
1686 3
1687 3
1688 2
1689 2
1690 2
1691 2
1692 3
1693 3
1694 2
1695 1
1696 2
1697 2
1698 1
1699 2
1700 3
1701 1
1702 2
1703 1
1704 2
1705 2
1706 2
1707 1
1708 3
1709 1
1710 2
1711 2
1712 1
1713 3
1714 1
1715 3
1716 1
1717 3
1718 3
1719 3
1720 3
1721 1
1722 1
1723 2
1724 3
1725 2
1726 1
1727 1
1728 3
1729 2
1730 2
1731 3
1732 2
1733 2
1734 2
1735 2
1736 3
1737 3
1738 1
1739 1
1740 2
1741 3
1742 1
1743 3
1744 1
1745 3
1746 1
1747 3
1748 1
1749 3
1750 3
1751 2
1752 2
1753 2
1754 2
1756 1
1757 3
1758 1
1759 3
1760 3
1761 3
1762 1
1763 2
1764 1
1765 3
1766 1
1767 2
1768 1
1769 1
1770 3
1771 3
1772 3
1773 3
1774 2
1775 3
1776 1
1777 1
1778 2
1779 2
1780 3
1781 3
1782 3
1783 2
1784 2
1785 1
1786 3
1787 3
1788 2
1789 3
1790 3
1791 1
1792 1
1793 3
1 1287 0 39.15
2 899 0 30.38
3 1245 0 0.65
4 1659 8 7.13
5 921 0 13.28
6 1230 1 16.78
6 111 3 15.31
7 1359 3 67.42
7 1278 10 56.28
7 918 5.83 55.77
8 630 0 29.09
9 1005 0 65.52
10 1727 1 31.70
11 1347 1.67 9.56
12 602 5.23 9.35
12 964 3.12 7.61
13 251 0 56.16
14 513 3.68 14.01
14 804 2.89 61.52
15 1212 0 16.29
16 345 0 112.64
17 1093 3 61.09
17 1179 1.5 53.14
17 92 2.87 70.05
18 437 2.34 20.03
18 964 2.4 26.36
19 892 0 3.08
20 1608 3.68 14.07
20 104 2.5 19.43
21 313 2.95 90.32
21 561 1 7.33
22 800 1 52.19
23 1444 0 37.94
24 1122 4 53.89
25 1297 6.33 29.83
25 761 0 49.57
26 615 0 47.90
27 693 0 29.37
28 483 0 10.70
29 420 1 16.40
30 295 0 33.98
31 188 8.88 55.51
32 1694 7.2 62.49
33 498 0 11.53
34 723 0 84.26
35 47 0 138.46
36 681 3 29.87
37 1619 0 53.70
38 1627 0 128.01
39 184 0 83.93
40 1112 7 112.59
40 1148 0 25.94
40 499 0 21.07
41 1282 20 20.21
42 273 1 30.59
42 1467 0 9.94
43 375 0 9.80
45 1341 7.56 82.89
45 1262 9.25 116.33
46 81 0 79.46
46 807 6.44 88.36
47 1627 0 33.79
48 572 0 18.32
49 1288 1 118.75
50 1116 11.03 82.54
51 613 0 36.96
52 1247 0 44.80
52 962 1 44.59
53 167 14.56 83.33
53 1106 8.71 56.96
54 773 3.75 7.73
55 1240 0 11.89
56 893 9.13 115.31
56 210 1.4 40.36
57 1507 0 7.64
57 596 0 17.36
58 666 3 40.38
59 235 14.08 84.95
59 417 10.24 81.45
60 838 3.25 83.69
60 579 0 89.81
61 340 3 9.55
61 557 3.82 38.15
62 981 3.63 81.86
62 1671 8.47 89.09
63 183 0 136.07
63 556 1.75 11.60
64 1004 0 58.73
65 1439 6.5 82.28
66 511 4 82.98
67 857 0 19.68
67 1302 1.8 87.07
68 325 3 87.62
69 1294 1.75 141.68
70 1612 4 85.84
71 574 10 57.68
72 642 1.67 10.45
72 644 0 14.88
73 1660 1.71 89.75
74 1045 0 36.68
74 1222 0 53.73
75 1421 0 8.62
75 487 10.4 49.38
76 428 2.76 145.95
76 1217 10 11.70
77 545 2.71 13.15
77 983 1.32 12.35
78 767 0 81.69
78 1317 0 41.72
79 1375 9.19 31.31
79 1157 9.92 116.18
80 1472 6.5 97.89
82 91 3.9 42.08
83 972 8.66 83.14
84 1762 9 83.34
84 1349 9.38 115.99
85 1181 0 85.25
86 1129 1 40.21
88 1527 5.36 82.56
88 916 8.78 85.94
89 1734 7.44 107.40
89 1516 10.3 126.43
90 1064 7.17 84.41
90 1206 7.71 82.61
91 1404 5.5 53.37
92 95 3.71 124.54
92 1028 7.21 148.52
93 143 5.4 23.48
93 883 0 12.30
94 1226 0 110.33
95 1108 2.22 124.68
96 1125 0 24.32
96 1148 0 30.63
97 1078 0 32.01
97 324 0 65.31
98 412 5 55.95
98 668 9.29 95.82
99 1673 2.33 9.30
100 217 1.8 82.83
101 1327 1 5.50
101 1556 3.78 86.19
102 1534 0 8.51
102 411 3.6 13.97
103 138 0 10.17
103 426 0 7.80
104 111 3 12.49
105 1350 1.13 48.09
105 1102 0 10.32
106 670 0 30.72
106 262 0 43.97
107 73 4.45 123.37
107 815 6.22 52.64
108 1438 0 32.65
109 169 0 43.20
109 108 0 47.72
110 950 10.83 8.52
110 1028 0 39.87
112 799 1 137.25
112 1097 0 70.33
113 148 0 35.36
114 761 1.67 54.25
114 1276 2 62.04
115 608 8 99.88
116 1722 0 60.34
116 500 0 31.75
117 843 0 29.45
118 704 40.13 27.81
118 828 6.7 19.47
119 335 10 75.94
120 814 2 110.11
121 403 2.14 115.77
121 1242 1 9.87
122 984 8.5 83.24
123 997 1 122.34
124 342 0 13.89
125 830 10 82.83
125 1581 8.25 57.76
126 1695 6.75 36.75
127 635 2.06 146.44
128 1283 15 107.00
130 315 9.33 131.22
130 1416 1.75 83.51
131 1703 0 37.55
131 1082 1 48.78
132 136 9.41 89.21
132 234 9.69 149.56
133 1130 1.2 60.27
133 1387 0 11.46
134 894 1.33 122.48
135 1397 7.14 89.07
135 1514 8.96 22.18
136 142 0 35.22
137 1427 6 66.32
137 618 9.2 117.14
137 390 0 54.55
138 441 0 7.38
138 1249 0 7.77
139 1321 11.36 92.87
140 258 10 51.80
141 879 0 5.59
141 1633 4.67 125.96
142 1073 6.14 16.54
143 1604 8.25 55.60
143 1254 7.67 23.79
144 995 4.22 114.19
145 1189 8.5 82.34
146 664 8.35 104.02
148 692 3 41.85
149 1154 1 38.77
149 327 0 15.32
150 1683 4.6 131.75
150 361 0 10.94
151 282 0 3.75
151 599 0 6.86
152 310 0 112.93
153 1646 4.25 54.34
153 1164 0 54.86
154 522 6.16 81.52
155 1363 0 14.41
155 1378 0 41.05
156 1447 1 7.36
156 1605 8 33.72
157 1659 5.62 140.33
157 820 0 11.13
158 286 0 49.15
158 856 0 33.46
159 1103 3.93 88.41
160 358 9.63 72.08
161 265 10.23 81.76
161 1704 3.63 61.27
163 494 6.5 118.64
164 458 0 85.79
164 1109 0 35.73
165 1303 6.58 10.93
165 1701 8.71 94.58
166 1064 7.61 83.29
167 1074 11 83.33
168 386 0 10.44
168 1059 1 15.73
169 1575 0 50.94
169 615 0 9.45
170 554 9.61 79.06
171 683 1.67 108.35
172 822 2.86 77.72
173 581 0 21.79
173 1595 0 15.97
174 437 2.4 15.97
174 1637 0 8.49
175 1431 0 94.97
175 448 0 11.07
176 128 1 9.71
176 1176 0 138.48
177 304 7.27 121.29
177 1143 2.13 55.83
178 225 7.4 82.73
180 712 0 14.01
181 1237 10 99.20
182 898 1 88.04
183 950 0 134.36
184 1118 0 43.60
184 629 0 74.19
185 1726 5.23 70.41
185 1111 0 4.22
186 724 11.5 19.82
186 1582 1 109.56
187 862 5.5 145.46
188 1340 8.99 104.47
189 1012 0 40.34
189 1644 0 23.12
190 107 6.5 129.94
190 188 6.45 61.29
191 673 0 105.35
191 435 0 10.80
192 1285 0 4.97
192 185 0 3.72
193 430 10.2 83.18
194 769 0 47.80
195 868 2.5 73.65
196 1718 0 143.81
197 194 0 12.27
197 1585 0 14.54
198 751 4.93 82.33
198 1132 6 96.22
199 1151 7.74 82.54
200 1482 9 83.14
201 246 7 131.48
202 875 0 11.04
202 1200 3.27 82.86
203 277 0 110.17
204 1096 10 51.30
204 1412 3.2 56.33
205 1543 13.33 133.22
205 1295 7.44 92.93
206 939 0 41.78
207 1494 10 66.84
207 1790 1.33 83.53
208 288 0 57.75
209 1330 0 112.34
210 1601 2.76 34.85
212 817 10 49.48
212 1435 1 17.52
213 1072 3 82.94
213 646 0 82.15
214 1017 5.9 82.73
215 1598 8.95 82.78
216 1332 0 71.71
216 517 0 75.91
217 672 1.78 84.68
217 944 10.11 82.48
218 368 1 75.28
219 1137 3.49 86.11
219 978 14.44 136.22
220 770 4.13 107.22
221 1499 1.67 92.75
221 568 0 8.10
222 432 0 52.89
222 74 0 41.52
223 344 0 8.09
224 1031 10 38.21
224 803 8.4 38.01
225 1484 5.75 69.24
225 738 8.67 50.18
226 449 3.67 61.85
226 1141 0 11.43
227 1120 0 13.57
227 1124 1 10.27
228 1517 1.68 75.84
229 1497 12.7 115.67
230 1741 0 49.06
231 523 0 12.54
232 1685 7.67 46.31
232 752 0 27.59
233 1242 1.7 115.69
234 1427 7.85 116.30
235 1019 1 82.39
235 1565 8.38 81.64
236 1349 8.5 82.78
237 621 4.11 17.97
238 569 3 40.29
238 1322 5.5 63.28
239 567 6.17 128.75
240 758 3.52 115.66
240 1584 12.14 94.67
241 107 5.19 85.40
242 55 1 10.02
242 718 3 14.24
243 360 0 20.16
244 182 1 87.95
244 1416 0 11.76
245 161 9.77 97.90
245 1477 6 50.99
246 923 8.17 134.69
247 1339 3.47 12.00
247 1577 10.66 125.31
248 727 4 70.36
250 227 0 9.76
250 1510 0 12.56
251 1512 12.2 46.70
251 788 9.05 90.41
252 1706 10.53 82.83
253 1159 2.8 54.86
253 1300 0 40.98
255 1008 0 10.73
255 1353 1 11.61
256 422 10 99.64
256 393 10.45 80.43
258 89 8.88 56.22
259 1781 2.71 126.34
260 1616 2 82.16
261 1208 20 7.59
261 1658 0 5.20
262 383 0 45.82
263 825 4.83 82.18
264 1178 6.13 112.79
266 660 9.26 64.04
267 240 9.96 83.30
268 1400 0 5.66
268 612 0 4.93
269 1071 10 33.95
269 1265 6.5 85.38
270 1161 0 12.05
270 1168 0 6.65
271 64 0 17.58
272 213 7.84 148.29
272 1401 0 35.19
273 509 0 16.36
274 667 6.89 83.99
275 1169 3.2 74.41
276 1444 0 15.51
276 1118 0 73.73
277 1669 2.8 114.00
278 110 1.5 143.47
279 651 1 11.93
279 1561 0 17.42
280 1664 11.57 55.72
280 940 0 48.02
281 414 0 14.44
281 1568 3 14.58
282 1640 0 9.98
283 1728 0 12.13
284 1782 0 59.17
285 961 0 31.26
285 470 0 13.76
286 1243 4.86 131.22
289 416 3.5 7.83
289 1158 7.33 7.66
290 805 10 10.05
291 851 7.71 58.97
292 900 9.68 79.13
293 911 1 11.10
293 157 2.63 14.78
294 112 0 145.69
295 1012 0 23.56
296 1717 3 25.50
296 1772 6.5 10.60
297 825 8.7 116.48
297 931 4.68 82.76
298 1457 5.71 89.52
298 1316 4.1 58.32
299 598 1.67 152.11
300 1434 7.3 83.05
301 1399 0 64.66
301 216 0 141.96
302 442 2.33 11.80
303 178 8.45 82.73
303 1752 11 57.74
305 837 0 47.13
306 305 0 8.93
306 1408 0 22.72
307 160 10 97.92
308 1586 0 13.85
308 1534 0 14.25
309 1185 15 143.48
310 753 0 112.94
311 410 10.25 83.46
312 69 6.5 11.69
312 76 4.38 21.56
313 1524 1 15.41
313 1361 0 6.30
314 1015 7.3 81.43
315 952 10.6 90.27
315 1215 7.35 134.89
316 915 7.75 84.00
316 1609 6.83 61.27
317 846 3 82.77
318 48 0 6.32
319 1726 0 27.07
319 168 0 12.50
320 1209 6.5 91.48
321 1113 10 121.11
322 348 9.13 112.96
322 1275 5.5 51.23
323 1396 0 83.23
323 1711 2.8 21.90
324 1078 0 85.62
324 897 0 10.63
325 1407 4.25 111.93
326 1393 11.21 116.06
326 982 10.09 87.64
327 979 0 47.03
328 957 0 76.20
329 592 7.43 10.13
330 505 4.91 66.55
331 1346 0 6.01
331 1637 0 13.41
332 176 0 122.37
333 1241 5.88 34.80
334 1668 1.57 11.45
334 600 0 9.45
335 943 1 107.98
335 1196 7 99.27
337 983 2 12.93
337 545 7.15 12.28
338 932 0 35.12
340 260 2.19 82.08
341 192 3.83 145.23
341 550 8.96 75.69
342 519 3.43 51.39
342 372 0 9.26
344 877 6.82 15.63
344 1462 0 11.59
345 351 0 3.42
346 291 0 32.09
346 497 9 29.34
347 103 0 7.35
347 584 0 8.54
348 83 9.17 83.15
348 1770 8.75 98.75
349 330 7.2 10.83
349 809 2.18 115.37
350 590 3.13 83.14
353 941 10.11 40.78
353 977 10.75 113.63
354 1047 0 32.70
354 1372 3.43 47.10
355 139 4 76.94
355 154 11.7 81.52
356 1558 2.6 15.50
356 808 3.56 122.49
357 1522 0 53.38
357 1690 8.71 54.92
358 970 5.4 91.09
358 531 5.18 74.32
359 1033 9.64 50.80
360 1630 3.9 108.66
360 1765 0 8.75
361 1551 10 20.42
361 1112 0 20.07
362 64 0 3.90
362 1793 0 11.25
363 1475 5.5 17.46
364 1280 20 16.02
365 1219 8.83 82.83
367 1034 10 104.22
368 1182 0 8.11
368 1702 1.33 82.87
370 860 10.27 100.86
371 959 1 56.58
372 1788 0 109.50
373 586 3.2 61.63
373 939 0 14.06
373 348 10 78.42
374 669 10 86.85
375 455 0 51.20
375 380 0 93.87
376 665 0 77.81
376 1194 0 84.55
377 1343 0 110.53
378 1083 3.83 16.79
379 1789 7.64 30.84
380 862 0 6.91
381 1641 3.68 147.57
381 1296 0 5.94
382 1021 0 110.17
382 973 1 74.82
383 1267 0 78.46
383 676 0 50.70
384 813 9.71 115.81
384 1542 8.76 139.82
385 175 0 14.40
385 1686 0 13.45
386 1382 0 18.77
386 1111 0 85.86
387 978 4.42 82.64
388 1541 6.65 131.56
389 1492 20 84.48
389 671 3 27.99
392 1357 0 22.42
392 1098 0 49.22
393 207 10 81.79
394 1399 0 13.52
395 1391 8.5 60.86
396 1454 3 18.73
396 1606 6.4 106.50
397 1149 0 44.65
397 1468 0 37.70
398 543 0 23.16
399 1653 3.38 89.70
399 1592 0 6.52
400 134 1.15 12.55
400 778 7.17 11.74
401 172 0 13.45
401 1712 0 38.77
402 535 6.6 79.43
403 1754 3.05 115.77
404 1407 4.88 109.63
404 1132 4.63 147.56
406 1360 8.16 77.24
406 591 7 83.21
407 75 10 55.86
407 1626 2.2 35.13
409 204 1.83 72.30
409 925 1.67 42.51
410 125 7 116.23
410 357 9.87 110.85
411 308 0 8.06
411 1271 12.14 19.78
412 172 4.67 38.85
412 1712 0 14.22
413 654 3 104.32
413 1487 0 12.95
414 63 0 18.04
414 278 36 144.87
415 1736 0 48.67
416 848 11.5 7.55
416 171 2.55 107.37
417 314 15.75 81.45
418 1166 0 55.36
418 280 9.4 45.66
419 1417 8.28 100.24
420 1032 2.65 20.58
421 827 9.18 66.81
421 1635 0 28.03
422 478 10 99.59
423 1181 0 95.02
423 1049 0 109.36
424 1776 6.33 82.69
424 1478 15 11.60
425 1698 0 11.24
425 774 0 10.16
426 120 2 109.51
426 372 3 9.09
427 129 5.04 11.55
427 1679 0 12.43
428 1535 0 11.65
428 329 2 10.42
429 1177 1 14.75
430 1661 3 54.26
430 571 8.5 83.14
431 1013 9.22 76.10
433 429 0 18.40
433 816 1 30.22
434 677 0 109.08
435 498 0 37.63
435 1304 0 43.94
436 1119 2 32.21
437 1366 3 11.15
437 331 0 17.38
438 1529 0 16.01
438 1024 0 11.50
439 132 10.1 116.44
439 267 7.84 83.30
441 426 0 9.85
441 342 3 9.14
442 79 7.61 115.72
442 1537 0 11.26
443 1313 7.45 125.88
444 1752 8.4 82.75
445 1753 0 11.85
445 1735 3 15.41
447 1076 3 85.56
448 180 3 18.75
448 998 0 28.27
449 776 3 64.00
449 1046 7.4 97.79
450 1692 0 37.75
450 650 2.1 113.71
451 272 5.5 113.32
452 1042 7.85 48.85
453 693 0 40.28
453 1180 0 44.80
454 133 1 11.27
456 84 9 82.71
457 1321 6.25 82.05
458 459 0 85.52
459 164 0 63.76
459 328 0 76.75
460 700 0 14.09
460 436 1.86 24.87
461 1491 7.26 115.55
461 1036 7.75 38.75
462 542 7.33 140.81
462 207 2.43 73.77
463 151 10 5.53
464 1710 4.95 121.09
465 1730 5.5 29.91
466 176 3 9.92
466 648 11.91 94.45
467 1282 3 111.50
468 1651 2.25 18.70
468 1370 10.62 129.37
469 638 0 11.94
469 864 2.33 5.40
471 999 6.5 69.48
471 1549 0 90.96
472 1558 4.67 81.65
476 496 0 11.48
477 337 1.15 41.81
478 1122 8.18 57.22
478 843 10 30.64
479 540 0 46.13
479 261 3.82 94.72
480 388 6.57 131.39
481 1021 0 75.39
481 1011 1 56.36
482 294 3 143.20
482 1456 0 30.19
483 747 0 11.22
484 891 6 81.66
485 1356 0 121.56
486 318 0 5.66
486 572 0 17.54
487 1573 11.3 58.58
487 1655 9.43 83.40
488 1354 2.36 98.77
488 777 0 32.23
489 1505 8.86 83.01
489 999 8.04 115.94
490 221 0 20.35
491 841 8.7 136.22
492 553 0 122.34
493 1392 5.5 75.45
494 1511 0 102.27
494 187 20 148.31
495 684 1 34.07
495 284 0 20.41
496 1099 4.53 13.93
497 291 10 26.15
497 1599 4.67 68.18
498 1536 0 45.00
498 1149 0 38.15
499 1409 6.5 83.79
500 922 0 57.57
501 1369 7.75 82.90
502 1126 0 86.53
503 1562 10 82.69
504 1649 10 83.25
505 287 3 62.00
505 896 2.48 78.20
506 162 3 50.85
506 190 6.33 43.59
507 1579 6.5 136.37
508 1474 5.26 41.15
508 425 1 10.05
509 703 2.25 60.10
510 739 0 108.74
510 94 1 111.51
511 905 5.8 82.57
511 419 0 15.83
513 1724 8.93 117.57
513 1345 8.55 97.64
514 1281 7.75 44.42
514 1073 0 42.36
515 1241 9.03 83.53
516 1729 9.71 56.09
516 384 10.06 115.68
517 290 0 93.95
517 1648 1 129.22
518 658 0 31.71
518 938 0 31.59
519 1371 2.33 23.13
520 1183 0 2.88
522 1044 7.33 89.58
522 1328 1.84 106.52
523 1561 1 18.37
523 651 8.67 28.24
524 670 0 35.47
524 1127 0 81.40
526 1210 4.25 59.82
526 565 5.08 83.20
527 1572 0 96.80
528 680 0 20.43
528 338 0 48.06
529 1576 5.88 126.20
529 1291 2.86 107.23
530 1622 0 3.27
531 649 6.94 81.06
531 810 2.86 73.20
532 1379 10.15 10.68
532 330 0 11.24
533 421 8.2 133.58
533 590 6.75 131.00
534 714 6 83.02
535 1674 3 110.68
535 382 10 109.31
536 1190 6 83.48
537 424 12.28 124.97
538 548 0 11.55
538 255 3.83 144.90
539 850 3.03 98.09
540 237 5 29.33
541 430 12.2 58.13
542 117 10 138.77
543 895 0 44.62
543 1459 9.5 59.65
544 304 9.1 127.06
545 1520 1 40.49
546 1719 10 94.89
546 641 0 35.73
547 163 0 85.87
548 637 1 9.55
550 1046 8.86 133.66
550 1077 8.39 73.19
551 1174 9.35 83.19
552 1208 0 2.79
552 1658 1 7.64
553 1351 0 25.29
554 50 10.13 82.54
554 919 8.88 55.70
554 1403 12.5 54.58
555 1015 8.55 82.13
556 1596 0 21.94
556 1170 11.5 17.40
557 259 6.25 7.87
558 1720 9.67 57.68
559 758 6 105.00
559 840 0 61.49
560 460 0 9.37
561 1709 0 4.49
561 1361 1.4 88.37
562 43 2.57 141.20
563 846 10 66.53
563 1756 20 19.85
564 748 6.77 91.39
565 1362 8.46 83.20
566 257 0 19.78
566 1121 0 39.21
567 1471 3.82 128.86
568 1258 0 115.38
568 1374 3 5.65
569 1455 7 74.90
569 687 3 59.47
570 1255 4.67 47.88
571 661 7.5 83.14
572 1650 10 44.05
572 1239 0 42.05
573 1386 1.33 6.23
573 1657 0 24.94
574 1214 6.67 82.97
574 522 4.92 109.43
575 377 1 110.53
575 1634 2.33 50.34
576 1053 0 26.42
576 1144 0 36.77
577 1701 1 11.53
577 1303 2 94.45
579 1654 0 88.87
580 433 0 25.66
580 309 10 120.97
581 409 3.71 69.19
582 355 8.83 107.15
582 352 14.33 37.73
584 1065 0 4.06
584 1570 0 13.62
585 370 2 100.81
586 1771 1 8.11
586 1528 6.5 11.10
587 763 9.13 103.28
588 861 6 58.98
588 1417 11.5 46.20
589 292 7.75 35.01
589 768 0 9.25
590 709 5.53 85.17
590 689 1.46 66.29
591 1451 10.33 83.21
592 532 5.51 144.79
593 201 8.5 28.29
593 1175 5.33 84.86
594 96 10 114.93
595 1587 0 35.53
595 1272 0 107.04
596 448 0 89.18
597 929 11.05 114.18
598 1236 0 78.81
599 1707 0 13.66
599 1578 4.75 109.60
600 150 0 45.40
600 495 1 25.27
602 920 9 23.71
603 1786 7 130.65
604 1740 10 136.05
605 990 0 80.34
606 645 2.22 60.79
606 640 1 23.71
607 228 2.13 75.49
607 630 4 50.81
608 457 4.63 82.05
608 1022 7.4 71.92
610 1244 2.35 29.82
610 996 10 27.89
612 903 0 12.40
613 1040 0 25.34
613 1229 3 69.88
614 1325 0 86.84
615 1279 0 35.56
616 1748 0 55.07
616 1216 0 86.90
617 876 8.32 137.57
618 1342 7.75 125.50
618 234 7.12 84.05
619 332 0 122.38
620 541 10 82.97
621 261 0 5.11
621 127 2.68 8.91
622 635 1.57 141.13
623 1437 1.14 105.62
624 1003 5.29 39.04
624 980 0 108.04
625 262 0 24.39
626 526 0 82.07
626 556 2.95 128.77
627 1251 4.67 11.13
627 1140 5.47 17.01
628 198 1.86 81.90
629 276 0 43.13
629 965 0 32.81
630 475 0 54.85
631 1770 8.19 93.24
633 958 3 9.13
633 1662 10 84.68
634 87 0 16.46
634 1289 0 34.89
635 811 1.24 132.85
636 925 5.5 64.43
637 1446 1 10.03
638 1327 0 2.83
639 637 6.3 115.34
639 910 8.26 82.83
640 1731 10 9.74
640 1775 0 12.17
641 901 0 8.01
641 1220 0 80.28
642 573 0 10.47
642 881 1 21.93
644 509 1.22 30.52
645 743 5.5 123.04
645 1759 4.67 34.52
646 264 18 82.15
647 969 8.71 117.60
648 844 7.82 94.45
649 1104 6.14 81.06
650 82 2.21 88.69
651 754 0 23.19
651 1382 0 10.74
652 1192 0 6.33
652 1071 0 114.02
653 855 0 22.93
653 186 1.57 11.58
654 402 20 104.30
656 309 2.4 82.50
656 816 0 36.07
657 617 9.54 137.57
658 938 0 23.21
658 1409 0 112.41
659 1123 1 5.96
659 381 0 7.25
660 205 9.94 72.89
660 1389 8.09 42.08
661 1147 10.44 72.96
661 1583 6.25 116.42
662 1332 0 38.11
662 1063 10 129.71
663 191 0 91.65
663 1760 0 25.08
664 1097 5.33 74.20
664 1545 3.13 115.01
665 1575 0 44.72
665 109 0 51.25
666 201 1 27.07
666 593 0 20.45
667 100 2.19 82.83
667 771 7.22 98.53
668 195 2.67 74.33
670 524 0 35.47
671 203 1 111.30
671 1546 0 72.25
672 1405 2.11 80.70
672 1256 3 125.12
673 211 0 102.41
674 220 2.82 138.57
674 791 0 27.30
675 1205 5.86 86.46
675 298 4.14 58.12
676 1588 0 32.44
676 126 6.5 11.57
676 1319 0 63.95
677 221 0 42.54
677 490 0 5.98
678 1031 0 92.73
679 1310 0 8.54
679 634 0 38.05
680 975 1 38.06
680 585 0 30.94
681 1449 2.17 120.85
682 99 0 15.28
683 347 5.67 108.12
684 284 0 24.04
685 972 10 8.93
685 631 10 93.06
686 1366 4.27 24.03
686 331 0 8.17
687 901 7.25 69.04
688 1085 0 60.73
689 667 2.24 100.30
689 1246 0 78.19
690 564 10.58 57.13
690 1681 15.57 83.00
691 116 1.8 79.19
692 1456 3 30.12
692 482 0 14.99
693 1026 0 45.32
694 1734 7.67 82.09
695 1574 0 76.96
697 479 2.35 100.21
698 1463 0 5.61
698 864 0 13.25
699 587 9.2 103.28
700 1564 1.67 11.64
701 871 7.64 80.55
702 707 2.91 100.79
703 1141 2.33 131.50
704 735 0 30.34
704 653 0 14.83
705 1055 0 99.30
705 77 2.88 87.58
706 597 3.88 114.16
707 1450 0 42.20
707 1735 1 41.20
708 1624 8.93 141.05
708 419 5.5 83.79
709 985 5.78 85.17
710 231 0 76.88
711 1647 1 11.54
711 223 4.12 44.55
712 1538 3 11.90
712 175 0 19.75
713 1594 0 100.64
713 132 9.98 93.85
714 639 4.76 116.61
714 1491 5.43 72.40
715 802 7.34 85.40
716 706 4.41 115.03
717 1020 1 103.63
718 1000 3 13.29
719 538 2.82 19.15
719 1446 0 11.54
720 1365 8.6 87.71
721 1105 0 83.73
722 564 8.08 83.40
723 1469 0 84.26
724 855 0 7.13
724 231 0 22.04
725 886 0 48.17
725 190 7.25 57.57
726 1308 7.4 85.21
727 580 0 86.26
728 1128 4.1 129.24
729 794 0 107.68
730 1251 10 8.58
730 1013 9.54 115.78
731 638 1 82.72
731 424 7.06 78.76
732 1643 6.19 83.42
733 275 3.89 118.77
733 1266 4.78 94.05
734 809 8.77 82.79
735 319 0 16.52
735 828 1 40.45
736 766 7 89.65
737 992 20 44.41
737 1298 8.5 86.66
738 1203 10 48.63
738 1042 9.3 51.86
739 1040 0 107.63
740 1351 0 29.77
741 450 2.2 103.12
742 1711 9.11 85.05
743 1324 11 130.56
744 774 10 146.05
745 945 5.5 64.13
746 806 0 59.00
746 1742 0 25.78
748 643 0 55.17
748 77 2.82 93.63
749 1759 0 10.29
750 301 0 42.67
750 363 0 31.71
751 1103 3.75 82.16
752 1689 7.14 136.79
752 368 0 11.77
753 376 0 56.27
753 663 0 97.02
754 386 0 12.56
754 1059 1 14.69
755 159 1 88.89
755 1094 0 29.38
756 582 10 145.77
756 389 10 85.52
757 1448 4.25 49.86
757 1150 10 113.93
758 713 4.36 73.17
758 1540 4.27 149.40
759 955 10 52.93
760 1041 0 12.56
760 308 1.44 86.37
761 57 6.11 45.29
762 702 2 24.93
762 90 7.25 121.18
763 1560 4.71 118.67
764 391 0 44.73
764 798 10.36 66.34
765 442 5.33 11.32
765 842 5 11.61
766 603 7.33 39.59
767 763 0 77.59
768 818 0 7.69
768 243 3 13.09
769 1442 0 10.60
769 1335 0 20.75
770 488 2.36 107.21
771 421 5.83 31.94
772 806 0 74.05
772 459 0 44.60
773 1161 0 7.42
773 1168 0 11.92
774 710 1 16.54
775 928 3.83 108.78
776 67 2 19.03
776 703 0 15.27
777 1211 6.5 90.77
778 244 4.6 9.17
779 636 1 40.99
780 431 8 76.11
780 1519 5.67 95.79
781 155 1.4 148.89
783 730 3.75 7.77
784 686 2.9 13.95
784 1346 0 11.65
785 158 6.5 16.03
785 856 0 23.59
785 315 6.41 139.52
786 593 6.5 90.55
787 1518 5.13 65.75
787 720 10.33 87.68
787 1169 2.78 120.05
788 1295 8.77 116.08
788 1101 7.58 83.10
789 264 2 67.59
789 1067 2.83 124.51
790 756 2 51.56
791 1533 2.2 34.89
792 1309 8.34 40.28
792 1645 0 78.12
793 396 0 8.53
794 647 0 102.26
795 598 1.57 45.67
795 48 2 14.65
795 481 1 41.91
796 1573 9.59 82.74
797 397 0 43.96
797 1110 0 34.20
798 1458 6.78 83.71
798 1174 9.78 116.09
799 1209 0 141.56
800 612 0 6.58
800 268 0 8.06
801 476 1 9.21
802 1398 3.36 26.54
803 353 10.6 16.39
803 678 0 89.42
804 968 0 15.61
805 415 0 67.97
806 772 0 74.05
806 1267 0 30.06
807 1758 5.2 88.36
808 1352 3 28.33
808 668 2.98 134.61
809 1675 8.67 83.06
809 240 7.88 116.49
810 1315 0 52.34
810 959 7.67 78.07
811 947 2.33 13.72
811 165 6.43 14.80
812 289 0 6.60
812 416 0 15.41
813 786 8.5 38.94
813 53 10.62 59.55
814 848 1.67 109.47
815 1642 6.8 57.15
815 655 0 42.33
816 1142 6.75 66.27
816 1177 0 21.57
817 605 3 81.34
818 749 0 4.78
819 1039 8.38 87.69
820 911 4.33 14.73
821 745 0 60.30
821 966 0 51.66
822 226 0 34.31
824 1252 0 34.16
825 1652 7 115.84
825 534 9.78 83.02
826 1654 1 100.80
827 1066 1 114.16
828 73 4.08 121.92
828 319 0 50.21
829 1773 0 46.19
829 954 0 37.71
830 1774 10.67 82.87
831 1145 4.18 75.31
831 1171 1 60.78
832 1301 4.53 15.81
833 223 0 20.16
835 250 4.29 84.95
835 742 6.5 85.58
836 89 6 55.79
836 365 6.5 82.83
838 1142 1 83.87
839 1431 1.8 14.34
839 1745 0 15.28
841 1743 10.25 34.81
842 1791 4.11 48.79
842 302 0 11.34
843 1184 3.64 37.92
844 539 7.74 98.07
844 547 7.77 87.04
845 578 3 65.51
845 466 4.69 79.79
846 480 0 46.10
846 555 10.73 82.13
847 1391 9 113.32
847 732 9.1 83.41
848 677 0 6.27
848 1158 0 6.78
849 841 10 70.42
849 721 0 50.87
850 163 3 48.53
850 902 5.07 41.72
851 878 8.6 87.64
851 1763 6.25 67.20
852 1436 1.5 92.51
853 105 2 131.51
853 1678 0 16.37
854 1763 0 19.52
854 507 0 57.00
855 523 1.27 25.80
855 754 4.18 41.14
856 1411 5.8 43.97
857 881 1 51.26
857 72 2.33 45.72
858 425 8.58 76.81
859 871 2.21 78.80
859 1135 3 92.87
860 1197 10 44.06
862 466 8.89 147.76
863 1652 8.19 83.37
864 101 1.29 14.92
864 1014 0 7.86
865 1221 0 110.02
866 827 0 116.06
867 1764 8.37 120.95
867 701 9.89 80.55
868 192 2.5 84.53
868 550 11.99 130.35
869 1188 3 79.46
869 323 5.5 52.63
869 1532 2.33 74.07
870 1502 2.63 77.55
870 924 0 25.97
871 1756 4.23 54.77
871 563 1.68 53.49
872 60 1 75.40
873 1202 9.58 87.12
873 1358 4.3 117.69
874 845 4.1 84.86
875 702 0 19.18
876 544 8.54 127.07
876 1628 7 123.95
877 577 2.84 12.60
877 1559 6.11 11.63
878 97 5.5 47.08
879 1107 3.36 126.12
880 1098 0 45.27
880 1504 0 36.04
881 1678 3 22.52
881 1657 0 10.02
882 1307 9.36 82.88
883 445 0 8.22
883 1254 0 12.90
884 1459 9.33 82.86
885 847 9 82.78
888 99 0 16.71
888 1447 0 8.72
889 1587 0 40.10
889 595 0 38.27
890 866 0 116.06
890 1355 0 134.23
890 1453 3 115.48
891 62 3.14 135.85
891 59 8.07 80.89
892 553 0 89.17
892 1566 0 143.99
893 652 8.38 115.42
894 1680 1.29 122.47
896 1081 7.57 10.00
896 592 0 11.61
897 562 10 139.93
897 647 6.25 128.44
898 242 3 12.96
899 74 0 16.02
899 926 0 41.67
900 1667 10.79 75.29
901 256 10 67.78
902 114 0 85.56
902 1276 0 68.39
903 1453 2.17 86.02
904 1772 0 17.52
904 602 0 8.78
905 1198 4.94 82.57
906 371 0 2.99
906 1419 0 57.04
908 47 0 33.54
908 502 0 86.53
910 79 7.19 82.83
911 879 2 9.86
911 1539 5.48 115.78
912 1603 0 82.84
912 1127 0 54.16
913 297 3.83 82.25
914 560 0 4.41
914 436 0 24.54
915 533 10 84.00
916 792 8.44 37.74
916 1751 0 80.66
917 1347 0 99.98
917 1045 0 57.23
918 1278 0 35.27
919 1092 8.25 20.61
919 521 0 55.09
920 1095 7.69 114.90
921 987 0 16.62
922 688 0 16.60
923 1696 7.25 103.97
924 1443 10 97.25
925 1755 1 66.52
926 276 0 33.18
926 222 0 15.59
927 491 6.5 135.73
928 790 0 54.62
929 801 0 13.47
929 496 1.75 25.16
930 1761 9.06 83.08
930 690 9.45 58.37
931 639 8.2 82.76
932 1461 0 26.21
933 383 0 52.16
933 524 0 61.10
933 746 0 16.22
934 1569 1 101.70
935 1336 5.5 83.18
936 1661 3.6 83.01
937 1464 1.3 3.61
937 552 1 8.50
938 1547 0 133.58
939 1602 0 5.68
941 757 8.6 10.94
941 824 14.42 119.67
942 1412 1.22 42.40
942 614 0 86.85
943 1381 2.33 107.83
944 963 2.4 82.48
945 1159 0 46.24
945 1402 2.33 52.54
946 574 10 41.24
946 1044 8.8 117.24
947 873 3.99 91.76
948 1474 17.33 80.68
949 623 1 105.62
950 1577 0 11.53
950 1339 5.3 131.17
951 527 0 105.31
952 400 5.58 130.61
952 624 4.78 45.63
953 479 2.34 107.65
953 1231 10.31 39.66
954 392 0 45.55
954 880 0 48.16
955 1264 0 64.59
956 346 4 18.17
956 395 1.67 24.11
957 933 0 50.28
958 151 4.4 80.37
959 1419 8.25 12.30
960 440 10 32.16
960 177 7.4 23.73
962 1544 3.29 46.39
963 235 5.16 136.18
963 1445 8 83.17
964 904 0 9.35
964 174 0 7.98
965 1270 0 41.39
965 926 0 43.14
966 327 0 23.97
966 149 3.14 16.67
967 61 4.03 39.41
967 259 3.33 22.73
968 1597 0 9.45
968 454 3.3 7.79
969 993 9 142.54
970 1030 6.5 91.09
971 1309 5.83 60.05
971 583 0 44.61
972 934 9.5 84.38
972 1715 6 82.75
973 1257 7 112.98
973 423 0 63.62
974 1312 20 81.17
974 1557 7.71 88.44
975 585 0 26.99
975 546 6.8 52.96
976 44 1 13.74
976 1052 3.39 88.75
977 258 7.9 112.61
977 1150 0 51.80
978 1420 7.67 82.76
978 274 5.58 83.96
979 745 0 7.17
979 230 0 41.89
980 405 0 108.06
981 1405 6 81.87
982 369 0 59.15
982 1089 9.79 76.50
983 1749 9 67.34
984 245 10.27 68.09
984 847 9.69 115.39
985 387 1.74 82.64
985 88 9.56 137.11
986 1308 6.67 92.32
988 1583 7.2 83.50
989 1738 0 75.53
989 1642 4 38.08
990 85 0 86.49
990 1677 10 143.76
991 777 1 112.33
991 932 0 69.01
992 1787 6.25 18.25
992 144 0 10.87
993 729 3 107.28
993 1079 9.33 14.09
994 160 18.07 81.21
994 46 7 34.45
995 716 7.44 116.09
996 1000 10 32.30
997 619 6.75 122.40
998 1263 0 47.99
999 788 9.26 116.27
999 418 10.6 64.59
1000 898 1.67 14.49
1000 130 3.01 91.76
1002 527 0 103.19
1003 1160 0 38.32
1004 146 2.62 104.04
1006 80 0 30.71
1006 715 6.21 72.98
1007 1009 1.48 133.05
1007 105 0 2.12
1008 1610 3.18 10.47
1008 1684 1.5 11.59
1009 1716 10.11 12.17
1009 853 0 5.27
1010 1050 0 6.18
1010 119 0 75.94
1011 510 10 101.35
1011 1687 2 113.89
1012 797 0 46.10
1012 1614 0 31.34
1013 439 9.55 114.80
1013 734 9.88 82.79
1014 1592 0 11.51
1014 1524 0 6.28
1015 484 5 81.66
1015 1131 4.4 42.53
1016 1085 0 55.05
1016 1018 0 61.37
1017 541 6.4 58.27
1017 988 12.5 83.50
1018 616 0 55.53
1018 688 0 53.97
1019 219 7.89 82.48
1020 717 1 103.63
1021 423 0 107.14
1022 1725 0 114.07
1022 504 8.13 83.41
1022 1493 2.71 94.02
1023 1408 0 91.18
1023 1476 6.94 49.65
1024 364 0 10.02
1024 907 10 28.68
1025 113 1 33.86
1025 1156 3 31.15
1026 634 0 45.42
1026 1287 0 35.42
1027 1331 7.13 96.28
1027 755 3.16 124.88
1028 744 0 93.63
1029 1485 9.04 115.69
1029 559 1 58.16
1030 1104 8.8 69.27
1031 1688 7.92 65.00
1032 1373 2 24.03
1033 452 4 20.45
1034 1234 0 113.86
1035 473 1 46.82
1035 371 0 30.96
1035 1721 0 28.64
1036 1792 5.33 34.82
1036 483 1 31.50
1037 1290 6.14 24.51
1038 1096 5.6 36.71
1038 779 1 39.76
1039 1451 10.67 57.24
1040 51 0 39.42
1041 1586 5.5 82.72
1042 813 7.13 64.52
1043 791 3.42 16.09
1044 882 0 84.09
1045 566 0 98.26
1045 345 0 68.16
1046 1195 5.7 91.90
1046 1001 7 79.79
1047 1372 3 41.41
1048 930 9.56 80.34
1049 1257 0 114.83
1050 394 0 10.99
1052 607 5.41 88.46
1053 1144 7 15.30
1054 227 0 77.38
1056 333 6.4 83.45
1057 253 0 96.97
1059 735 0 10.48
1059 653 2.4 35.94
1060 795 0 14.33
1060 318 0 6.88
1061 575 0 45.14
1061 468 1.57 17.08
1062 1481 0 106.94
1063 849 10 54.92
1063 721 0 35.84
1064 215 10 82.75
1064 1567 10.24 82.04
1065 103 0 5.39
1065 1274 3 11.48
1066 451 0 109.37
1067 1518 1.67 75.89
1067 1311 2 87.52
1068 1443 8.5 83.87
1069 1218 6.14 83.09
1069 84 9.11 115.61
1070 1440 0 18.94
1070 1508 0 31.70
1071 1563 10 123.88
1072 217 3.6 82.94
1073 1691 8.2 106.45
1074 225 15 58.16
1074 444 9.5 82.75
1075 51 6 98.24
1075 1668 0 28.59
1076 1429 10 105.33
1076 1248 7.9 92.68
1077 195 9.78 113.18
1077 98 6.45 70.69
1078 1548 0 109.99
1079 1747 0 99.68
1080 674 6 95.99
1081 1535 1 10.57
1081 329 5.5 11.63
1082 1603 0 63.02
1082 957 0 11.47
1083 1344 3.15 125.79
1083 1633 2 6.08
1084 1233 0 77.11
1084 714 0 31.44
1085 912 0 5.18
1087 460 0 9.83
1087 1564 1.76 13.29
1088 1467 0 10.14
1088 573 0 14.94
1089 65 8.19 82.28
1089 1515 11.36 61.31
1090 144 4.83 9.09
1090 1787 11.5 17.96
1092 1029 8.75 74.11
1094 1766 0 3.09
1095 1574 6.5 32.16
1096 636 0 7.65
1097 775 0 110.55
1098 1191 0 22.37
1098 189 0 35.85
1099 1228 4.23 84.80
1101 45 7.88 83.10
1102 1001 0 22.08
1102 1350 1 48.94
1103 1785 3 24.98
1103 1744 4.33 78.43
1104 1225 7 90.47
1104 1620 9.38 117.60
1105 415 0 83.77
1106 1384 10 102.39
1106 503 9.14 82.69
1107 1517 5.25 14.57
1108 279 0 26.06
1109 492 0 123.08
1109 892 0 7.32
1110 1180 0 40.83
1110 1614 0 46.09
1111 1285 1 6.71
1111 1721 0 10.53
1112 1551 1 31.84
1113 43 7.67 123.63
1114 1714 3.95 69.33
1114 832 0 13.87
1115 1688 5.8 44.22
1116 501 11.32 82.90
1116 1613 13.71 76.13
1117 1092 10.5 82.89
1118 1187 0 53.72
1118 408 0 2.81
1119 385 2.13 117.30
1120 1296 2.63 147.80
1120 1510 0 11.28
1122 1569 0 18.88
1123 852 5.28 91.82
1123 869 0 15.81
1124 1562 6 85.83
1124 1426 6.06 77.53
1125 889 0 55.70
1127 1016 0 110.42
1127 1739 0 74.21
1128 124 3 9.25
1128 441 3.71 13.21
1129 1620 1 81.39
1130 477 1 28.74
1131 388 1 67.32
1131 1201 1 135.47
1132 1027 4.33 95.63
1133 750 0 8.48
1134 156 0 24.64
1134 682 0 27.57
1136 552 3.14 10.47
1137 88 2.97 81.13
1138 299 10 145.87
1138 1546 0 33.93
1139 780 11.5 38.11
1140 783 7.75 11.12
1140 1621 7.38 125.82
1141 1380 0 7.43
1142 656 0 43.93
1143 1252 6 64.43
1143 1705 3.18 35.93
1144 1178 10 47.09
1145 126 4.82 75.31
1146 1224 3.75 82.75
1147 1069 7.22 92.61
1147 525 0 71.65
1148 1125 0 27.20
1148 499 0 24.70
1149 1212 0 37.39
1149 339 0 29.50
1150 140 6.75 112.71
1150 1779 9.33 54.12
1151 311 20 83.46
1151 1434 7.95 115.94
1152 135 8.25 76.64
1153 681 1.75 83.19
1154 197 0 13.28
1155 606 0 20.35
1155 1152 5.33 76.45
1156 113 0 18.24
1156 1047 5.33 97.00
1157 1388 8.5 83.10
1157 1340 6.92 115.99
1158 490 3 7.09
1158 568 0 19.47
1159 230 0 71.87
1160 500 0 19.37
1161 1521 3.44 113.96
1162 967 1.4 108.27
1163 1615 12.49 84.50
1163 1632 8.25 83.21
1164 966 0 28.29
1164 149 0 11.23
1165 805 0 87.89
1167 1619 9.1 81.33
1167 1081 5.38 115.32
1168 705 0 2.94
1169 1027 3.82 134.20
1169 404 4.45 111.20
1170 93 7.15 9.18
1170 883 11.27 14.36
1170 1753 1 11.49
1171 772 0 31.38
1172 854 10 76.07
1173 1473 0 26.56
1173 208 2 16.97
1174 263 6.56 82.18
1174 1593 10.2 116.28
1175 786 10.86 81.39
1176 760 5.78 138.35
1177 741 1.67 20.90
1178 1364 4 78.77
1179 994 4.71 29.21
1179 859 3 9.03
1180 679 0 46.12
1180 1026 0 38.89
1181 1011 10 104.01
1182 232 10 35.36
1182 752 7.4 12.51
1184 489 8.88 46.28
1184 986 0 90.93
1185 1591 11.46 117.88
1186 1283 5.5 111.79
1187 1299 0 92.33
1187 485 0 121.24
1188 1532 0 28.60
1188 971 6.4 25.78
1189 1116 0 58.93
1190 456 9.86 82.71
1190 661 11.5 115.43
1191 1737 0 34.48
1191 1644 0 36.25
1192 1079 2.5 40.42
1193 890 0 105.85
1194 108 0 88.78
1195 1077 6.8 68.06
1195 822 9.55 81.78
1196 684 0 99.58
1197 210 3.33 127.45
1198 214 8.55 82.73
1198 516 10.74 116.09
1199 366 0 42.01
1199 139 3 74.22
1200 445 5 82.86
1201 1377 7.67 49.88
1202 1136 2.66 86.95
1203 359 0 20.43
1203 452 0 51.79
1204 991 2.33 58.47
1204 1526 2.33 77.62
1205 989 5.64 87.45
1206 398 10.87 82.61
1207 125 5.83 83.29
1208 1464 3 7.97
1208 1766 2.18 43.13
1209 1138 10 109.46
1210 1100 3 44.99
1210 1596 2.44 47.81
1211 860 10 122.14
1212 453 0 80.68
1212 1468 0 44.54
1213 1436 11.5 13.57
1213 762 15 45.78
1213 875 8.83 26.61
1214 582 10 82.97
1215 1030 8 71.05
1215 307 8.15 97.92
1216 1003 0 90.45
1217 1746 1 9.90
1218 1316 8.07 83.09
1219 1482 15 57.69
1220 1790 0 80.84
1221 361 3 110.85
1224 1173 3.75 90.12
1224 659 0 63.58
1225 785 1.38 41.46
1226 955 0 54.70
1226 759 0 27.07
1227 213 7.71 93.35
1228 1043 1 9.89
1229 1337 0 76.18
1229 759 3 103.21
1230 1501 1 9.62
1230 1238 10.5 13.17
1231 1503 3.7 76.41
1232 1133 0 16.91
1232 1693 0 83.56
1234 290 0 109.21
1235 1292 0 32.78
1236 277 1.44 78.90
1237 946 10 99.05
1238 427 0 4.33
1239 1650 1 43.76
1239 320 6.5 93.74
1240 1088 0 6.02
1241 675 7.75 116.55
1241 241 6.09 84.17
1242 463 0 3.85
1242 282 1.78 5.42
1243 1009 6.5 11.42
1243 610 3 16.76
1244 55 0 15.42
1244 718 3 16.57
1247 1421 20 38.11
1247 962 3 31.22
1248 181 0 96.74
1249 1400 0 5.09
1249 268 3 7.81
1250 334 0 9.58
1250 1075 0 45.77
1251 1306 10.15 149.11
1252 1433 1.44 25.41
1253 698 5.15 127.25
1254 52 3.83 63.60
1255 1465 0 62.26
1255 1002 0 103.19
1257 363 8.25 91.95
1258 233 2.5 115.51
1259 783 5.75 126.00
1260 717 0 81.57
1260 462 3.44 57.33
1261 472 0 81.64
1262 836 1 57.93
1262 200 10 83.14
1263 1410 0 7.11
1263 802 0 11.42
1264 671 1 109.10
1264 71 0 14.25
1265 49 3 93.60
1265 1268 10 83.36
1266 529 3.92 94.05
1267 1171 0 58.19
1268 321 0 54.68
1268 1747 10 76.05
1269 128 10.8 114.99
1270 917 0 37.66
1270 899 0 42.16
1271 493 7 74.42
1271 1523 3.42 68.13
1272 951 0 110.10
1273 78 4 23.27
1273 1523 0 51.85
1274 138 0 5.97
1274 800 0 17.89
1276 1472 1 145.01
1277 827 10 116.87
1278 1570 5.5 52.01
1279 1665 0 52.42
1279 512 0 102.52
1280 1061 3.02 106.62
1281 1219 0 57.20
1281 140 7.67 58.56
1282 790 3 31.36
1283 1552 3 83.46
1284 266 3 53.48
1284 1697 3 21.29
1285 86 0 16.35
1285 1367 2.25 128.32
1286 1543 0 32.64
1286 1685 9.57 116.90
1287 1708 0 51.50
1287 1390 0 78.59
1288 321 0 116.49
1290 784 3.18 113.59
1291 1695 7.77 103.70
1291 1611 5.43 110.73
1292 286 0 0.57
1292 1007 0 10.02
1294 1684 4.25 10.71
1295 1323 9.3 101.96
1295 1286 12 118.58
1296 1123 1 8.02
1296 1490 0 15.75
1297 715 0 59.74
1297 80 0 47.44
1298 196 3 83.72
1299 1356 0 92.32
1300 942 0 10.76
1301 1432 1.15 132.51
1301 1378 1 20.06
1302 1102 1.86 81.67
1303 947 2 23.27
1303 1291 7.12 130.04
1304 1536 0 37.72
1304 880 0 45.99
1305 722 9.17 83.40
1305 558 10.43 57.68
1306 349 0 8.89
1307 935 10 83.15
1307 115 1 102.88
1308 1617 3.01 49.52
1308 1554 7.49 117.24
1309 1213 7.3 84.04
1309 166 9.52 83.29
1311 1732 1.67 87.52
1312 463 0 81.17
1313 1509 6.6 142.67
1313 1663 4.75 58.09
1314 557 2.83 39.62
1314 340 3.33 24.99
1316 1326 2.69 115.83
1316 948 8.81 80.67
1317 874 9.38 84.80
1318 1618 2.79 74.89
1319 833 0 91.90
1319 625 0 34.81
1320 1325 0 17.78
1320 1460 0 86.61
1321 1649 8.8 72.64
1321 1039 11.74 81.49
1322 196 0 61.22
1322 934 3 133.78
1323 1262 4.75 64.07
1324 1284 0 10.60
1324 465 10 44.54
1325 581 3 35.33
1326 247 8.18 147.63
1326 1656 5.13 115.95
1327 537 3.2 84.79
1328 608 2.64 57.81
1328 366 1 73.12
1329 1359 6.5 29.56
1329 1053 0 11.38
1330 1153 2.33 112.34
1331 529 2.5 100.60
1331 1631 6 76.84
1332 1165 0 86.79
1333 604 6.5 136.05
1333 1193 0 106.92
1334 266 8.42 123.75
1334 660 9.68 104.32
1335 1280 3 6.59
1336 1609 10 49.83
1336 518 0 76.58
1337 181 10 75.71
1338 1607 1 94.38
1339 858 0 74.17
1339 744 0 7.89
1340 461 8.31 91.83
1340 333 5.26 114.49
1341 1694 8.2 82.89
1342 142 1 22.78
1342 1281 0 52.57
1343 124 0 110.59
1344 141 0 5.60
1344 293 0 10.01
1345 589 0 8.02
1345 749 10 9.80
1346 1062 0 106.76
1346 209 0 16.38
1347 152 1 113.04
1347 566 0 58.92
1348 56 2.96 87.93
1349 515 7.88 83.53
1349 1777 7.04 34.79
1350 341 2 66.10
1351 131 0 45.15
1351 1566 0 32.49
1352 412 3.54 101.43
1352 1261 0 20.13
1353 548 4.86 144.46
1354 1204 0 13.75
1354 716 1.67 12.30
1355 918 7.75 129.50
1356 1469 0 36.26
1357 1191 0 47.32
1357 147 0 29.97
1358 937 2.11 66.22
1359 576 0 8.08
1360 819 12 86.45
1360 1163 10.69 61.43
1360 696 1 87.06
1361 1480 0 3.93
1361 1014 0 15.17
1362 1207 7.47 83.29
1362 1151 8.75 116.88
1364 1732 1.67 78.77
1365 733 1.67 62.03
1367 1007 3.5 127.33
1368 1326 10 82.65
1369 1190 10.13 115.67
1369 236 11.04 82.78
1370 728 2.06 129.37
1372 1580 1.8 22.49
1373 283 5.33 51.22
1374 812 0 18.32
1374 289 3 16.28
1375 1539 11.21 134.90
1375 1636 10 45.40
1376 1590 8.5 41.20
1376 1629 2.03 119.23
1377 306 0 62.10
1377 891 8.75 61.05
1378 427 0 9.75
1378 1501 0 14.81
1378 1238 0 6.36
1379 1506 7.24 8.60
1379 349 0 11.23
1380 401 1 105.50
1381 1757 10 104.20
1382 1035 3 52.24
1383 265 4.25 19.80
1383 1643 5.14 26.94
1384 411 3 6.44
1384 102 0 19.27
1385 530 4.25 44.09
1386 1240 6.43 14.96
1386 1244 10 11.25
1387 1731 0 9.78
1387 1155 3 18.10
1388 1423 9.59 83.10
1389 1305 9.13 74.00
1389 609 1 73.33
1390 1470 0 78.59
1391 726 8.88 85.18
1391 443 9.24 140.46
1392 1106 9.09 113.64
1392 1783 10 49.52
1393 511 8.26 115.69
1393 252 9.74 82.83
1394 1024 0 6.99
1394 1466 0 9.15
1395 384 10.65 82.86
1397 1749 3.85 84.56
1398 1080 3 96.28
1398 1415 3 40.21
1399 1571 0 17.14
1400 903 0 13.97
1400 1128 0 7.06
1401 1329 0 14.54
1401 601 0 66.75
1402 766 0 24.62
1402 793 0 55.37
1403 1089 6.8 61.01
1403 145 0 82.34
1404 82 7 24.10
1404 1700 2.8 83.81
1405 789 5.5 98.46
1405 1531 2.08 95.96
1406 1418 9.13 55.05
1406 326 10 33.08
1407 628 1.29 81.91
1408 305 0 25.15
1409 447 1 81.49
1410 249 3 3.85
1410 1622 2.93 11.21
1411 996 3.6 51.36
1411 1243 0 24.41
1412 1057 0 97.11
1413 134 3 11.72
1413 778 3.17 12.59
1414 1058 1 47.07
1414 1134 1 94.39
1415 1348 3.83 87.39
1416 400 3 9.18
1417 1672 7.73 15.72
1418 1704 5.67 141.98
1418 326 6.8 44.15
1419 1129 2 10.47
1420 963 5.62 82.76
1422 878 11 117.23
1423 506 5.84 73.47
1423 336 7.55 35.75
1424 600 0 15.16
1425 736 0 49.05
1426 102 7.26 77.63
1427 1418 9.27 124.18
1427 161 10.36 116.06
1428 956 2.67 26.87
1428 395 8 21.59
1429 1307 7.43 108.31
1430 1553 1 73.18
1430 1197 4.78 115.50
1431 1507 0 17.14
1431 596 0 7.33
1432 356 2.17 132.67
1433 1259 2.2 68.09
1434 1368 5.5 82.65
1434 1069 8.53 116.31
1435 1424 0 17.96
1436 202 1 20.64
1436 407 0 10.19
1437 1413 1.04 105.62
1439 1189 9.58 56.64
1439 536 9.5 83.48
1440 1489 1.86 10.76
1440 1688 2.77 108.89
1441 1320 0 29.92
1441 1154 0 19.20
1442 173 0 10.11
1442 1394 1 13.24
1443 355 10.49 139.29
1443 1186 9.24 111.92
1444 834 0 16.78
1444 222 0 33.03
1445 62 10.21 83.17
1446 302 3.17 144.09
1447 682 0 9.09
1448 1139 12.88 21.38
1448 1779 7 113.88
1449 1162 1 108.45
1450 90 7.75 80.91
1450 884 5.13 82.86
1451 835 4.92 54.81
1451 1068 10.95 83.87
1452 1425 0 44.47
1452 736 1 57.19
1453 1740 9.89 50.27
1454 793 0 13.47
1454 603 0 4.61
1455 1718 3 103.36
1455 687 0 65.10
1456 271 0 10.85
1457 1738 5.33 89.52
1458 1029 6.17 83.71
1459 317 9.1 82.73
1459 867 7.71 117.54
1460 1300 0 86.63
1461 528 0 40.91
1461 1211 2 124.56
1462 1647 1.67 52.56
1463 1483 4.33 120.76
1463 469 0 14.42
1464 755 2.86 12.22
1464 254 3.53 37.41
1465 1784 17.17 61.12
1465 1277 3 118.50
1466 1335 0 9.38
1466 364 0 6.54
1467 644 1.67 10.61
1467 642 1.65 14.90
1468 453 0 37.81
1468 1110 0 44.60
1469 908 0 34.74
1471 519 5.5 129.26
1472 49 10 139.53
1472 1086 0 118.98
1473 659 6.5 104.68
1474 247 4.23 118.18
1475 927 10 139.60
1475 1232 0 14.62
1476 733 3.17 112.32
1477 137 1 74.63
1477 1733 10.33 55.43
1479 1028 0 63.51
1479 110 3 29.20
1480 101 0 3.87
1481 1153 0 20.03
1482 618 5.75 82.08
1483 1707 2.3 105.96
1484 1774 5.8 46.26
1484 359 10.5 51.36
1485 551 13.08 83.19
1485 1167 7 116.29
1486 1449 10 25.92
1486 420 1.67 9.67
1487 1087 0 10.00
1487 560 0 8.22
1488 1702 1 88.06
1488 1630 4.75 116.19
1489 1689 0 8.81
1489 218 7.07 75.25
1490 869 2 8.04
1491 1157 7.82 93.09
1492 71 10.33 81.96
1493 350 2.86 83.10
1493 316 6.51 146.75
1494 1509 10 47.82
1494 374 1 85.61
1495 1369 8.5 75.08
1496 1625 0 68.09
1496 833 0 26.44
1497 212 1 48.36
1497 817 0 29.42
1498 1785 3.16 80.60
1499 974 0 92.75
1500 325 0 4.36
1500 812 1 117.76
1501 104 0 12.27
1501 1608 1.49 18.26
1502 250 5.3 77.33
1503 237 5.26 62.27
1504 189 0 45.37
1504 797 0 38.52
1505 1554 8.83 83.03
1506 627 9.71 149.03
1506 1306 3.5 11.23
1507 1745 0 13.91
1507 123 0 122.26
1508 285 10 55.00
1508 224 10.11 82.02
1509 969 2 69.19
1510 1490 2.11 147.62
1511 455 0 102.21
1512 474 0 61.50
1512 1305 8.83 28.44
1513 1676 0 103.50
1513 398 3 8.34
1514 1334 9.56 68.20
1514 564 8.06 94.15
1515 1706 11.36 54.40
1515 936 10 83.01
1516 1286 11 39.58
1516 1323 7.44 128.71
1517 1555 9.4 17.26
1517 378 6.5 12.48
1518 68 2.8 87.61
1519 824 0 30.36
1519 1433 20 32.30
1520 54 1.57 50.21
1521 1528 0 8.82
1523 760 0 8.42
1523 1317 1 30.58
1524 399 11.86 10.14
1526 737 3.38 110.28
1527 406 9.67 82.56
1528 206 3.36 22.46
1529 907 5.4 7.69
1530 1463 0 12.20
1530 1744 0 63.17
1531 787 5.47 95.93
1532 1213 5.5 110.71
1533 1385 5.56 120.98
1534 870 0 12.53
1534 1054 3.38 77.38
1535 1217 4.16 145.68
1536 1504 0 44.81
1536 397 0 38.08
1537 1051 0 6.50
1537 820 5.81 140.22
1538 1623 4.5 136.46
1538 385 0 19.03
1539 1423 3.78 115.96
1539 1525 9.59 49.95
1540 170 8.94 79.06
1540 1406 3.66 85.97
1541 1201 4.94 69.02
1541 1023 4.8 61.72
1541 831 7.78 69.13
1543 1005 6.5 22.36
1544 407 0 16.85
1544 202 0 8.40
1545 1269 7 115.00
1546 928 1 27.26
1547 570 15 137.57
1548 380 0 109.09
1550 1739 0 59.40
1550 106 0 8.22
1551 1250 0 9.70
1552 1041 9.4 83.29
1553 1192 10 62.82
1553 669 10 8.62
1554 885 8.4 82.77
1554 1664 10.6 116.29
1555 832 2.35 76.47
1556 537 3 5.31
1557 239 2.89 128.79
1557 632 6.5 20.24
1558 1769 0 5.54
1559 1462 0 14.63
1560 1422 0 117.19
1561 1108 2 22.77
1562 1146 6.89 82.78
1562 1074 12.67 58.17
1563 1415 0 116.58
1563 1006 5.6 56.78
1564 1682 2.84 92.29
1565 1598 9.11 81.64
1566 909 0 50.39
1566 1768 0 13.85
1567 219 8.63 82.04
1568 414 0 29.61
1568 1450 3 10.65
1569 238 6.5 100.48
1570 1274 0 16.14
1571 1010 0 17.21
1571 216 10 140.52
1572 1333 1 99.13
1573 1362 8.67 56.64
1574 379 4.25 56.37
1575 1665 0 45.17
1575 1760 0 61.28
1576 1358 4.88 121.94
1577 1656 5.19 137.53
1577 626 3.89 127.67
1578 469 1 125.03
1578 731 3 48.69
1579 767 0 136.22
1580 1487 0 24.16
1580 914 0 24.94
1581 303 10 58.35
1581 796 10 82.69
1582 1698 1.67 10.48
1582 508 5.2 10.25
1583 300 7 83.05
1583 410 3.91 116.55
1584 921 0 38.62
1584 1485 8.69 70.26
1585 194 0 11.02
1586 924 0 10.41
1586 870 3 15.69
1587 1255 1 136.13
1589 1025 3 20.89
1590 1651 1.67 61.56
1591 296 7.94 117.88
1592 697 0 100.24
1592 698 1 8.28
1593 913 10.17 82.25
1593 1746 3.18 115.22
1595 1394 0 10.25
1595 438 1 7.89
1596 1170 0 10.53
1596 93 0 12.89
1597 1775 0 7.09
1598 1513 8.7 75.07
1598 314 8.56 84.27
1599 443 7 26.65
1599 324 6.8 86.83
1600 1198 12.13 57.86
1600 620 4.75 82.97
1601 220 1.8 125.64
1601 674 0 33.34
1602 1090 3.08 118.54
1603 691 0 12.98
1604 487 8.88 77.50
1604 343 0 49.55
1605 888 0 24.50
1605 148 0 48.52
1606 872 0 75.41
1606 611 3 126.20
1607 1743 8.6 121.14
1607 826 0 96.76
1608 1301 1 12.82
1608 1114 1 16.78
1609 1784 7.59 40.97
1610 312 5.35 142.24
1610 1294 0 11.61
1611 1476 9.32 110.76
1612 58 0 24.30
1612 464 0 10.00
1613 1117 7.27 82.89
1613 798 9.33 74.15
1614 887 0 14.20
1614 679 0 41.53
1615 1493 4.57 84.50
1616 1087 1 35.53
1616 413 0 28.68
1617 117 0 127.77
1617 1260 3.64 117.27
1618 1037 3.15 69.57
1619 1593 8.41 84.87
1620 1292 2.08 119.24
1621 960 5.08 80.74
1621 1259 5.13 11.03
1622 520 0 0.67
1622 180 1 41.76
1623 700 3.48 35.63
1623 1119 8.25 27.38
1624 923 1 50.22
1624 1172 8.6 79.73
1625 625 0 17.87
1625 1550 0 33.37
1626 208 20 29.34
1626 1473 5.44 46.09
1627 1293 0 52.13
1628 1723 10 127.87
1629 594 10 120.48
1630 465 5.17 36.83
1631 275 5.83 77.59
1632 985 4.54 83.21
1633 1107 0 6.08
1635 1227 10 92.95
1635 771 0 29.43
1637 209 0 12.32
1638 1590 5.73 95.14
1639 373 1.67 13.21
1639 1602 3 13.07
1640 121 2.32 5.10
1640 198 5.33 89.65
1641 1120 4.44 9.01
1641 1124 0 13.84
1642 118 3.35 78.23
1643 1428 3.28 144.82
1643 66 8.05 82.98
1643 265 8.71 33.95
1644 295 0 39.85
1644 1223 0 32.59
1646 865 1.67 111.25
1646 1164 0 12.31
1647 949 1 51.09
1648 1034 10 127.94
1649 1163 15 93.48
1650 1414 1 30.94
1651 1585 1 103.78
1651 153 1 82.04
1651 1376 3.1 46.03
1652 1495 7.33 75.08
1652 764 6.06 98.01
1653 953 3 5.37
1654 1338 0 16.92
1655 303 6.4 83.40
1656 526 4.26 116.79
1656 199 6.55 82.54
1657 853 0 12.41
1657 1716 0 5.53
1658 127 0 5.47
1658 622 0 8.43
1659 765 3 11.10
1659 1537 0 11.31
1660 976 8.33 22.11
1660 725 2.69 54.94
1661 1439 10.57 61.14
1662 1557 6.43 84.67
1663 1260 2.27 61.51
1663 1494 5.5 144.82
1664 122 9.32 83.24
1664 45 7 115.50
1665 829 0 62.29
1665 1780 0 48.28
1666 270 5.62 43.73
1666 1048 6.25 80.34
1667 657 10 137.57
1668 600 0 9.76
1668 1435 1 27.62
1669 1264 1.5 114.75
1670 1038 9.22 89.56
1671 1365 5.71 89.14
1672 708 9.25 113.50
1672 1542 8.32 102.48
1673 402 0 37.80
1673 354 5.8 106.19
1674 1060 0 9.95
1674 486 1 9.57
1675 1167 7 83.04
1677 394 0 68.48
1677 1181 0 139.27
1678 1302 0 36.44
1679 155 0 22.09
1679 1363 0 10.17
1679 129 0 6.33
1680 711 2.64 122.47
1681 558 9.78 83.00
1682 1314 3.35 92.19
1683 821 2.73 130.70
1684 297 6.21 115.25
1684 1353 0 11.21
1685 694 7.08 81.64
1686 839 1 91.48
1686 1589 0 81.77
1687 229 4.25 116.26
1688 1489 8.33 116.56
1689 1070 0 26.26
1689 1440 2.33 12.56
1690 1778 10.04 83.21
1690 1017 9 116.53
1691 1139 8.88 77.63
1691 439 9.55 137.11
1693 662 0 82.32
1694 137 9.57 99.72
1694 984 10 116.24
1695 877 5.04 130.30
1696 70 10 85.42
1696 507 0 61.69
1697 823 10 29.43
1697 1730 7.5 33.46
1698 724 6.25 92.25
1698 710 1 11.29
1699 467 0 109.53
1699 352 0 105.18
1700 1670 4 148.44
1701 1559 0 13.14
1702 1182 1.8 79.28
1703 1722 0 12.94
1703 691 0 47.64
1704 1393 8.67 104.26
1704 1383 2.73 108.49
1705 1115 7.89 27.28
1706 1600 9.29 58.35
1706 193 7.83 83.18
1707 1640 0 7.25
1709 1480 0 87.13
1709 1556 0 3.61
1710 493 0 25.21
1710 1273 4.18 9.99
1711 406 12.75 92.66
1712 1261 3 86.61
1713 1357 0 38.70
1713 1091 0 32.03
1714 378 3.71 15.06
1714 1555 0 12.41
1715 489 1 82.74
1716 1386 10 26.70
1716 610 6.5 10.21
1717 174 8.25 9.06
1717 904 7.75 7.07
1718 338 1 44.81
1718 1526 5.5 95.70
1719 1430 9.11 94.83
1720 471 10.67 96.16
1720 685 9.7 107.69
1721 906 0 8.29
1721 86 0 19.70
1722 740 0 42.82
1723 1488 6.5 127.76
1724 1667 8.68 117.56
1726 168 0 19.13
1727 1225 0 23.04
1727 1235 0 9.43
1728 1318 0 7.40
1729 588 6.27 62.50
1729 1767 0 45.73
1730 1702 2.83 54.63
1731 1597 0 5.06
1731 454 1.72 10.49
1732 1500 9.25 51.61
1734 977 10 56.45
1734 224 10 120.36
1735 1568 0 16.68
1735 281 0 9.45
1736 1338 4 123.19
1738 1582 0 24.29
1739 1496 0 37.47
1740 1638 3.44 95.14
1741 782 0 33.27
1741 1441 0 18.38
1743 1185 9.53 74.41
1744 1483 4.67 52.61
1745 362 0 18.86
1745 1004 0 58.01
1746 69 10 12.12
1747 269 0 76.40
1748 1160 0 48.70
1748 922 0 39.92
1749 133 2.22 63.24
1750 243 8.6 15.92
1750 818 0 8.97
1751 179 0 25.10
1751 1137 1 81.70
1752 1224 4.83 58.50
1753 63 0 16.75
1753 281 3 15.76
1754 1374 2.6 115.76
1755 438 1 17.13
1755 1529 0 14.57
1756 480 7.42 72.16
1757 1786 0 88.75
1757 1425 0 18.77
1758 952 5.28 136.21
1758 1215 7.19 85.64
1759 1750 0 9.32
1760 1304 0 84.45
1760 829 0 46.66
1761 1720 9.46 83.08
1762 675 22.5 83.34
1763 699 10 103.28
1764 1479 10 17.30
1764 549 0 59.71
1765 768 0 26.05
1765 292 0 9.42
1766 1253 3.77 127.14
1766 1498 3 80.72
1768 740 0 19.00
1768 1003 0 117.09
1769 781 1 67.43
1770 930 13.33 18.51
1771 1666 4.23 72.14
1771 1521 1 11.08
1772 920 0 12.87
1772 695 3 77.47
1773 392 0 37.28
1773 1713 0 21.66
1774 1395 11.92 82.86
1774 1690 10.57 116.18
1775 804 0 11.28
1776 633 2.8 82.70
1777 1056 8.83 83.45
1777 1792 8.5 115.30
1778 516 7.28 83.21
1779 514 8.25 68.89
1780 446 0 52.60
1780 1773 0 61.89
1781 1486 4.07 126.39
1782 1452 7.67 125.86
1782 150 0 23.85
1783 58 0 8.76
1783 464 0 26.48
1784 570 0 15.43
1785 1530 1 79.87
1786 611 10 61.55
1786 367 10 99.49
1787 322 7.21 46.15
1787 1639 5.14 103.16
1788 434 0 109.91
1789 248 20 30.44
1790 1430 7.89 68.33
1791 719 5.7 95.97
1792 863 8 83.37
1792 1084 7.2 84.04
1793 1589 0 23.19
1793 271 0 11.33
1793 839 0 19.44
43 1113 7.67 123.63
43 562 2.57 141.20
45 1664 7 115.50
45 1101 7.88 83.10
46 994 7 34.45
49 1472 10 139.53
49 1265 3 93.60
51 1040 0 39.42
51 1075 6 98.24
58 1612 0 24.30
59 891 8.07 80.89
60 872 1 75.40
62 891 3.14 135.85
62 1445 10.21 83.17
63 1753 0 16.75
65 1089 8.19 82.28
68 1518 2.8 87.61
71 1264 0 14.25
71 1492 10.33 81.96
77 748 2.82 93.63
79 910 7.19 82.83
80 1297 0 47.44
81 46 0 79.46
84 456 9 82.71
85 990 0 86.49
88 1137 2.97 81.13
89 836 6 55.79
89 258 8.88 56.22
90 1450 7.75 80.91
90 762 7.25 121.18
93 1170 7.15 9.18
94 510 1 111.51
96 594 10 114.93
97 878 5.5 47.08
100 667 2.19 82.83
103 347 0 7.35
105 1007 0 2.12
110 1479 3 29.20
112 294 0 145.69
118 1642 3.35 78.23
119 1010 0 75.94
121 1640 2.32 5.10
122 1664 9.32 83.24
123 1507 0 122.26
124 1343 0 110.59
125 1207 5.83 83.29
132 439 10.1 116.44
137 1694 9.57 99.72
137 1477 1 74.63
138 103 0 10.17
139 1199 3 74.22
139 355 4 76.94
140 1281 7.67 58.56
140 1150 6.75 112.71
142 1342 1 22.78
143 93 5.4 23.48
151 463 10 5.53
154 355 11.7 81.52
160 994 18.07 81.21
161 245 9.77 97.90
161 1427 10.36 116.06
163 850 3 48.53
167 53 14.56 83.33
171 416 2.55 107.37
175 712 0 19.75
176 332 0 122.37
178 303 8.45 82.73
179 1751 0 25.10
181 1337 10 75.71
181 1248 0 96.74
183 63 0 136.07
187 494 20 148.31
193 1706 7.83 83.18
195 1077 9.78 113.18
196 1322 0 61.22
196 1298 3 83.72
198 628 1.86 81.90
199 1656 6.55 82.54
200 1262 10 83.14
201 593 8.5 28.29
202 1436 1 20.64
203 671 1 111.30
205 660 9.94 72.89
207 393 10 81.79
208 1626 20 29.34
208 1173 2 16.97
212 1497 1 48.36
213 272 7.84 148.29
213 1227 7.71 93.35
216 301 0 141.96
216 1571 10 140.52
217 1072 3.6 82.94
217 100 1.8 82.83
219 1019 7.89 82.48
219 1567 8.63 82.04
221 490 0 20.35
224 1508 10.11 82.02
224 1734 10 120.36
225 178 7.4 82.73
227 1054 0 77.38
229 1687 4.25 116.26
234 132 9.69 149.56
234 618 7.12 84.05
235 59 14.08 84.95
235 963 5.16 136.18
238 1569 6.5 100.48
240 267 9.96 83.30
245 984 10.27 68.09
251 13 0 56.16
252 1393 9.74 82.83
254 1464 3.53 37.41
256 901 10 67.78
258 977 7.9 112.61
258 140 10 51.80
261 621 0 5.11
263 1174 6.56 82.18
264 646 18 82.15
264 789 2 67.59
265 161 10.23 81.76
265 1643 8.71 33.95
265 1383 4.25 19.80
266 1334 8.42 123.75
266 1284 3 53.48
267 439 7.84 83.30
272 451 5.5 113.32
274 978 5.58 83.96
275 1631 5.83 77.59
277 203 0 110.17
277 1236 1.44 78.90
280 418 9.4 45.66
281 1753 3 15.76
285 1508 10 55.00
287 505 3 62.00
288 208 0 57.75
289 812 0 6.60
289 1374 3 16.28
290 517 0 93.95
291 346 0 32.09
291 497 10 26.15
294 482 3 143.20
297 913 3.83 82.25
298 675 4.14 58.12
299 1138 10 145.87
301 750 0 42.67
303 1655 6.4 83.40
304 177 7.27 121.29
305 1408 0 25.15
308 760 1.44 86.37
311 1151 20 83.46
315 785 6.41 139.52
317 1459 9.1 82.73
320 1239 6.5 93.74
321 1288 0 116.49
324 1599 6.8 86.83
325 1500 0 4.36
325 68 3 87.62
326 1418 6.8 44.15
327 149 0 15.32
332 619 0 122.38
333 1056 6.4 83.45
333 1340 5.26 114.49
335 119 10 75.94
336 1423 7.55 35.75
338 1718 1 44.81
338 528 0 48.06
342 124 0 13.89
343 1604 0 49.55
347 683 5.67 108.12
350 1493 2.86 83.10
352 1699 0 105.18
352 582 14.33 37.73
353 803 10.6 16.39
354 1673 5.8 106.19
355 582 8.83 107.15
355 1443 10.49 139.29
357 410 9.87 110.85
358 160 9.63 72.08
359 1203 0 20.43
359 1484 10.5 51.36
363 1257 8.25 91.95
365 836 6.5 82.83
366 1199 0 42.01
366 1328 1 73.12
369 982 0 59.15
370 585 2 100.81
372 342 0 9.26
375 43 0 9.80
377 575 1 110.53
380 1548 0 109.09
382 535 10 109.31
384 1395 10.65 82.86
386 754 0 12.56
387 985 1.74 82.64
389 756 10 85.52
393 256 10.45 80.43
394 1677 0 68.48
396 793 0 8.53
398 1513 3 8.34
398 1206 10.87 82.61
400 952 5.58 130.61
402 654 20 104.30
403 121 2.14 115.77
405 980 0 108.06
406 1527 9.67 82.56
410 311 10.25 83.46
413 1616 0 28.68
415 1105 0 83.77
415 805 0 67.97
416 289 3.5 7.83
418 999 10.6 64.59
421 533 8.2 133.58
421 771 5.83 31.94
422 256 10 99.64
423 973 0 63.62
423 1021 0 107.14
424 731 7.06 78.76
425 858 8.58 76.81
430 193 10.2 83.18
431 780 8 76.11
434 1788 0 109.91
436 914 0 24.54
439 1691 9.55 137.11
439 1013 9.55 114.80
443 1391 9.24 140.46
444 1074 9.5 82.75
445 1200 5 82.86
447 1409 1 81.49
451 1066 0 109.37
452 1033 4 20.45
452 1203 0 51.79
455 1511 0 102.21
455 375 0 51.20
456 1190 9.86 82.71
463 1312 0 81.17
464 1783 0 26.48
466 862 8.89 147.76
467 1699 0 109.53
469 1578 1 125.03
470 285 0 13.76
471 1720 10.67 96.16
473 1035 1 46.82
474 1512 0 61.50
475 630 0 54.85
478 422 10 99.59
480 846 0 46.10
481 795 1 41.91
483 1036 1 31.50
483 28 0 10.70
484 1015 5 81.66
487 1604 8.88 77.50
489 1184 8.88 46.28
490 677 0 5.98
491 927 6.5 135.73
493 1710 0 25.21
494 163 6.5 118.64
496 476 0 11.48
499 40 0 21.07
499 1148 0 24.70
503 1106 9.14 82.69
504 1022 8.13 83.41
507 1696 0 61.69
510 1011 10 101.35
514 1779 8.25 68.89
516 1778 7.28 83.21
517 216 0 75.91
518 1336 0 76.58
521 919 0 55.09
522 574 4.92 109.43
522 154 6.16 81.52
525 1147 0 71.65
526 626 0 82.07
526 1656 4.26 116.79
527 951 0 105.31
527 1002 0 103.19
528 1461 0 40.91
529 1266 3.92 94.05
531 358 5.18 74.32
533 915 10 84.00
534 825 9.78 83.02
535 402 6.6 79.43
536 1439 9.5 83.48
541 620 10 82.97
543 398 0 23.16
546 975 6.8 52.96
550 868 11.99 130.35
551 1485 13.08 83.19
555 846 10.73 82.13
558 1305 10.43 57.68
558 1681 9.78 83.00
562 897 10 139.93
563 871 1.68 53.49
564 722 8.08 83.40
564 1514 8.06 94.15
565 526 5.08 83.20
569 238 3 40.29
570 1547 15 137.57
570 1784 0 15.43
571 430 8.5 83.14
574 946 10 41.24
574 71 10 57.68
578 845 3 65.51
582 756 10 145.77
582 1214 10 82.97
583 971 0 44.61
585 975 0 26.99
585 680 0 30.94
587 699 9.2 103.28
588 1729 6.27 62.50
590 350 3.13 83.14
591 406 7 83.21
593 786 6.5 90.55
593 666 0 20.45
594 1629 10 120.48
595 889 0 38.27
598 299 1.67 152.11
598 795 1.57 45.67
599 151 0 6.86
600 1668 0 9.76
601 1401 0 66.75
603 766 7.33 39.59
604 1333 6.5 136.05
605 817 3 81.34
608 1328 2.64 57.81
609 1389 1 73.33
611 1606 3 126.20
612 800 0 6.58
613 51 0 36.96
618 1482 5.75 82.08
618 137 9.2 117.14
619 997 6.75 122.40
620 1600 4.75 82.97
624 952 4.78 45.63
628 1407 1.29 81.91
630 8 0 29.09
630 607 4 50.81
632 1557 6.5 20.24
638 731 1 82.72
639 931 8.2 82.76
641 546 0 35.73
643 748 0 55.17
646 213 0 82.15
647 897 6.25 128.44
647 794 0 102.26
654 413 3 104.32
656 1142 0 43.93
658 518 0 31.71
660 266 9.26 64.04
660 1334 9.68 104.32
661 571 7.5 83.14
662 1693 0 82.32
667 274 6.89 83.99
667 689 2.24 100.30
668 98 9.29 95.82
669 1553 10 8.62
671 389 3 27.99
671 1264 1 109.10
672 217 1.78 84.68
675 1762 22.5 83.34
675 1241 7.75 116.55
677 434 0 109.08
678 803 0 89.42
680 528 0 20.43
683 171 1.67 108.35
684 1196 0 99.58
685 1720 9.7 107.69
687 569 3 59.47
687 1455 0 65.10
689 590 1.46 66.29
696 1360 1 87.06
698 1592 1 8.28
699 1763 10 103.28
701 867 9.89 80.55
702 762 2 24.93
710 1698 1 11.29
714 534 6 83.02
715 1297 0 59.74
721 1063 0 35.84
721 849 0 50.87
722 1305 9.17 83.40
724 1698 6.25 92.25
729 993 3 107.28
731 1578 3 48.69
733 1365 1.67 62.03
734 1013 9.88 82.79
736 1452 1 57.19
736 1425 0 49.05
738 225 8.67 50.18
739 510 0 108.74
742 835 6.5 85.58
743 645 5.5 123.04
745 979 0 7.17
747 483 0 11.22
748 564 6.77 91.39
751 198 4.93 82.33
754 855 4.18 41.14
755 1027 3.16 124.88
756 790 2 51.56
757 941 8.6 10.94
759 1229 3 103.21
759 1226 0 27.07
760 1176 5.78 138.35
762 1213 15 45.78
763 767 0 77.59
763 587 9.13 103.28
766 736 7 89.65
766 1402 0 24.62
767 1579 0 136.22
771 667 7.22 98.53
777 991 1 112.33
778 400 7.17 11.74
780 1139 11.5 38.11
786 1175 10.86 81.39
786 813 8.5 38.94
787 1531 5.47 95.93
788 999 9.26 116.27
788 251 9.05 90.41
789 1405 5.5 98.46
790 1282 3 31.36
790 928 0 54.62
793 1402 0 55.37
794 729 0 107.68
795 1060 0 14.33
796 1581 10 82.69
799 112 1 137.25
800 22 1 52.19
801 929 0 13.47
803 224 8.4 38.01
805 1165 0 87.89
807 46 6.44 88.36
809 734 8.77 82.79
810 531 2.86 73.20
812 1500 1 117.76
813 1042 7.13 64.52
817 212 10 49.48
817 1497 0 29.42
819 1360 12 86.45
823 1697 10 29.43
824 941 14.42 119.67
825 263 4.83 82.18
826 1607 0 96.76
827 1277 10 116.87
827 421 9.18 66.81
828 118 6.7 19.47
830 125 10 82.83
836 1262 1 57.93
838 60 3.25 83.69
841 849 10 70.42
841 491 8.7 136.22
843 478 10 30.64
846 563 10 66.53
846 317 3 82.77
847 984 9.69 115.39
849 1063 10 54.92
851 291 7.71 58.97
852 1123 5.28 91.82
854 1172 10 76.07
855 724 0 7.13
858 1339 0 74.17
860 370 10.27 100.86
861 588 6 58.98
862 187 5.5 145.46
862 380 0 6.91
864 469 2.33 5.40
867 1459 7.71 117.54
871 701 7.64 80.55
872 1606 0 75.41
878 851 8.6 87.64
878 1422 11 117.23
882 1044 0 84.09
884 1450 5.13 82.86
886 725 0 48.17
889 1125 0 55.70
890 1193 0 105.85
891 484 6 81.66
891 1377 8.75 61.05
895 543 0 44.62
897 324 0 10.63
901 641 0 8.01
901 687 7.25 69.04
903 612 0 12.40
903 1400 0 13.97
910 639 8.26 82.83
913 1593 10.17 82.25
914 1580 0 24.94
915 316 7.75 84.00
918 1355 7.75 129.50
921 5 0 13.28
921 1584 0 38.62
924 1586 0 10.41
927 1475 10 139.60
928 1546 1 27.26
930 1048 9.56 80.34
931 297 4.68 82.76
932 338 0 35.12
934 972 9.5 84.38
934 1322 3 133.78
935 1307 10 83.15
936 1515 10 83.01
938 518 0 31.59
938 658 0 23.21
941 353 10.11 40.78
943 335 1 107.98
944 217 10.11 82.48
945 745 5.5 64.13
946 1237 10 99.05
948 1316 8.81 80.67
950 110 10.83 8.52
950 183 0 134.36
951 1272 0 110.10
952 315 10.6 90.27
952 1758 5.28 136.21
955 759 10 52.93
955 1226 0 54.70
959 810 7.67 78.07
961 285 0 31.26
962 1247 3 31.22
963 944 2.4 82.48
963 1420 5.62 82.76
969 647 8.71 117.60
970 358 5.4 91.09
972 685 10 8.93
973 382 1 74.82
974 1499 0 92.75
975 680 1 38.06
977 353 10.75 113.63
978 387 4.42 82.64
978 219 14.44 136.22
979 327 0 47.03
980 624 0 108.04
981 62 3.63 81.86
982 326 10.09 87.64
984 1694 10 116.24
984 122 8.5 83.24
985 1632 4.54 83.21
987 921 0 16.62
989 1205 5.64 87.45
990 605 0 80.34
993 969 9 142.54
994 1179 4.71 29.21
997 123 1 122.34
999 471 6.5 69.48
999 489 8.04 115.94
1001 1046 7 79.79
1001 1102 0 22.08
1002 1255 0 103.19
1005 1543 6.5 22.36
1007 1292 0 10.02
1007 1367 3.5 127.33
1009 1007 1.48 133.05
1011 1181 10 104.01
1011 481 1 56.36
1013 730 9.54 115.78
1013 431 9.22 76.10
1014 864 0 7.86
1015 555 8.55 82.13
1019 235 1 82.39
1021 382 0 110.17
1021 481 0 75.39
1022 608 7.4 71.92
1027 1169 3.82 134.20
1028 1479 0 63.51
1030 970 6.5 91.09
1030 1215 8 71.05
1031 224 10 38.21
1031 678 0 92.73
1033 359 9.64 50.80
1034 1648 10 127.94
1039 819 8.38 87.69
1040 739 0 107.63
1040 613 0 25.34
1042 738 9.3 51.86
1042 452 7.85 48.85
1044 946 8.8 117.24
1044 522 7.33 89.58
1046 449 7.4 97.79
1046 550 8.86 133.66
1048 1666 6.25 80.34
1049 423 0 109.36
1053 1329 0 11.38
1054 1534 3.38 77.38
1056 1777 8.83 83.45
1058 1414 1 47.07
1060 1674 0 9.95
1063 662 10 129.71
1064 90 7.17 84.41
1066 827 1 114.16
1067 789 2.83 124.51
1068 1451 10.95 83.87
1069 1147 7.22 92.61
1072 213 3 82.94
1073 142 6.14 16.54
1074 167 11 83.33
1075 1250 0 45.77
1076 447 3 85.56
1077 1195 6.8 68.06
1078 97 0 32.01
1079 993 9.33 14.09
1087 1487 0 10.00
1089 982 9.79 76.50
1092 1117 10.5 82.89
1097 112 0 70.33
1100 1210 3 44.99
1101 788 7.58 83.10
1102 105 0 10.32
1103 751 3.75 82.16
1104 1030 8.8 69.27
1105 721 0 83.73
1106 1392 9.09 113.64
1111 386 0 85.86
1112 361 0 20.07
1112 40 7 112.59
1113 321 10 121.11
1117 1613 7.27 82.89
1120 227 0 13.57
1122 24 4 53.89
1122 478 8.18 57.22
1123 1296 1 8.02
1125 1148 0 27.20
1125 96 0 24.32
1129 1419 2 10.47
1132 404 4.63 147.56
1135 859 3 92.87
1137 1751 1 81.70
1137 219 3.49 86.11
1138 1209 10 109.46
1139 1448 12.88 21.38
1139 1691 8.88 77.63
1142 838 1 83.87
1144 1053 7 15.30
1146 1562 6.89 82.78
1147 661 10.44 72.96
1148 96 0 30.63
1148 40 0 25.94
1150 757 10 113.93
1151 199 7.74 82.54
1157 1491 7.82 93.09
1163 1649 15 93.48
1165 1332 0 86.79
1167 1675 7 83.04
1169 787 2.78 120.05
1170 1596 0 10.53
1172 1624 8.6 79.73
1173 1224 3.75 90.12
1174 551 9.35 83.19
1175 593 5.33 84.86
1176 176 0 138.48
1178 1144 10 47.09
1178 264 6.13 112.79
1181 423 0 95.02
1181 1677 0 139.27
1181 85 0 85.25
1184 843 3.64 37.92
1185 1743 9.53 74.41
1186 1443 9.24 111.92
1190 536 6 83.48
1193 1333 0 106.92
1195 1046 5.7 91.90
1196 335 7 99.27
1200 202 3.27 82.86
1201 1541 4.94 69.02
1203 738 10 48.63
1205 675 5.86 86.46
1206 90 7.71 82.61
1207 1362 7.47 83.29
1208 261 20 7.59
1209 320 6.5 91.48
1209 799 0 141.56
1210 526 4.25 59.82
1211 1461 2 124.56
1214 574 6.67 82.97
1215 1758 7.19 85.64
1218 1069 6.14 83.09
1219 1281 0 57.20
1219 365 8.83 82.83
1220 641 0 80.28
1224 1146 3.75 82.75
1226 94 0 110.33
1227 1635 10 92.95
1229 613 3 69.88
1233 1084 0 77.11
1235 1727 0 9.43
1236 598 0 78.81
1237 181 10 99.20
1239 572 0 42.05
1240 1386 6.43 14.96
1241 333 5.88 34.80
1246 689 0 78.19
1247 52 0 44.80
1248 1076 7.9 92.68
1249 138 0 7.77
1252 824 0 34.16
1254 143 7.67 23.79
1255 570 4.67 47.88
1255 1587 1 136.13
1256 672 3 125.12
1257 1049 0 114.83
1257 973 7 112.98
1262 1323 4.75 64.07
1262 45 9.25 116.33
1264 955 0 64.59
1264 1669 1.5 114.75
1266 733 4.78 94.05
1272 595 0 107.04
1276 902 0 68.39
1276 114 2 62.04
1277 1465 3 118.50
1281 514 7.75 44.42
1282 467 3 111.50
1282 41 20 20.21
1283 1186 5.5 111.79
1284 1324 0 10.60
1285 1111 1 6.71
1286 1516 11 39.58
1286 1295 12 118.58
1288 49 1 118.75
1292 1235 0 32.78
1295 205 7.44 92.93
1295 788 8.77 116.08
1296 1120 2.63 147.80
1297 25 6.33 29.83
1298 737 8.5 86.66
1305 1389 9.13 74.00
1305 1512 8.83 28.44
1307 882 9.36 82.88
1311 1067 2 87.52
1312 974 20 81.17
1315 810 0 52.34
1316 1218 8.07 83.09
1316 298 4.1 58.32
1321 139 11.36 92.87
1322 238 5.5 63.28
1323 1295 9.3 101.96
1323 1516 7.44 128.71
1324 743 11 130.56
1326 1316 2.69 115.83
1328 522 1.84 106.52
1329 1401 0 14.54
1332 662 0 38.11
1333 1572 1 99.13
1334 1514 9.56 68.20
1336 935 5.5 83.18
1337 1229 0 76.18
1338 1736 4 123.19
1339 950 5.3 131.17
1341 45 7.56 82.89
1342 618 7.75 125.50
1343 377 0 110.53
1355 890 0 134.23
1358 1576 4.88 121.94
1362 565 8.46 83.20
1364 1178 4 78.77
1365 1671 5.71 89.14
1367 1285 2.25 128.32
1372 354 3.43 47.10
1374 1754 2.6 115.76
1375 79 9.19 31.31
1377 1201 7.67 49.88
1381 943 2.33 107.83
1386 1716 10 26.70
1388 1157 8.5 83.10
1389 660 8.09 42.08
1391 847 9 113.32
1393 1704 8.67 104.26
1395 1774 11.92 82.86
1396 323 0 83.23
1399 301 0 64.66
1400 1249 0 5.09
1401 272 0 35.19
1402 945 2.33 52.54
1405 981 6 81.87
1405 672 2.11 80.70
1407 325 4.25 111.93
1408 1023 0 91.18
1408 306 0 22.72
1409 658 0 112.41
1409 499 6.5 83.79
1417 588 11.5 46.20
1418 1427 9.27 124.18
1419 959 8.25 12.30
1420 978 7.67 82.76
1421 1247 20 38.11
1422 1560 0 117.19
1423 1388 9.59 83.10
1424 1435 0 17.96
1425 1757 0 18.77
1425 1452 0 44.47
1427 137 6 66.32
1427 234 7.85 116.30
1430 1719 9.11 94.83
1431 175 0 94.97
1433 1519 20 32.30
1435 212 1 17.52
1436 852 1.5 92.51
1439 65 6.5 82.28
1443 924 10 97.25
1443 1068 8.5 83.87
1445 963 8 83.17
1448 757 4.25 49.86
1450 1568 3 10.65
1450 707 0 42.20
1451 591 10.33 83.21
1452 1782 7.67 125.86
1453 903 2.17 86.02
1455 569 7 74.90
1459 884 9.33 82.86
1459 543 9.5 59.65
1461 932 0 26.21
1463 698 0 5.61
1464 1208 3 7.97
1465 1255 0 62.26
1472 80 6.5 97.89
1472 1276 1 145.01
1473 1173 0 26.56
1474 948 17.33 80.68
1477 245 6 50.99
1478 424 15 11.60
1479 1764 10 17.30
1482 200 9 83.14
1482 1219 15 57.69
1483 1744 4.67 52.61
1483 1463 4.33 120.76
1485 1584 8.69 70.26
1487 1580 0 24.16
1491 714 5.43 72.40
1492 389 20 84.48
1493 1022 2.71 94.02
1494 207 10 66.84
1497 229 12.7 115.67
1499 221 1.67 92.75
1500 1732 9.25 51.61
1507 1431 0 17.14
1508 1070 0 31.70
1509 1494 10 47.82
1511 494 0 102.27
1512 251 12.2 46.70
1513 1598 8.7 75.07
1516 89 10.3 126.43
1518 787 5.13 65.75
1518 1067 1.67 75.89
1519 780 5.67 95.79
1522 357 0 53.38
1524 1014 0 6.28
1525 1539 9.59 49.95
1526 1718 5.5 95.70
1527 88 5.36 82.56
1531 1405 2.08 95.96
1532 1188 0 28.60
1534 308 0 14.25
1539 1375 11.21 134.90
1542 384 8.76 139.82
1543 1286 0 32.64
1543 205 13.33 133.22
1546 671 0 72.25
1546 1138 0 33.93
1547 938 0 133.58
1548 1078 0 109.99
1549 471 0 90.96
1551 1112 1 31.84
1553 1430 1 73.18
1554 1308 7.49 117.24
1557 974 7.71 88.44
1560 763 4.71 118.67
1562 503 10 82.69
1565 235 8.38 81.64
1567 1064 10.24 82.04
1568 281 3 14.58
1569 934 1 101.70
1569 1122 0 18.88
1572 527 0 96.80
1573 796 9.59 82.74
1576 529 5.88 126.20
1577 950 0 11.53
1578 599 4.75 109.60
1579 507 6.5 136.37
1580 1372 1.8 22.49
1582 1738 0 24.29
1584 240 12.14 94.67
1587 889 0 40.10
1590 1638 5.73 95.14
1592 399 0 6.52
1593 1619 8.41 84.87
1594 713 0 100.64
1596 1210 2.44 47.81
1598 1565 9.11 81.64
1604 143 8.25 55.60
1606 396 6.4 106.50
1607 1338 1 94.38
1609 1336 10 49.83
1619 37 0 53.70
1619 1167 9.1 81.33
1620 1104 9.38 117.60
1624 708 8.93 141.05
1629 1376 2.03 119.23
1631 1331 6 76.84
1632 1163 8.25 83.21
1635 421 0 28.03
1638 1740 3.44 95.14
1640 1707 0 7.25
1642 989 4 38.08
1645 792 0 78.12
1648 517 1 129.22
1649 504 10 83.25
1649 1321 8.8 72.64
1650 1239 1 43.76
1654 826 1 100.80
1655 487 9.43 83.40
1656 1326 5.13 115.95
1656 1577 5.19 137.53
1661 936 3.6 83.01
1664 1554 10.6 116.29
1664 280 11.57 55.72
1668 1075 0 28.59
1669 277 2.8 114.00
1671 62 8.47 89.09
1673 99 2.33 9.30
1674 535 3 110.68
1675 809 8.67 83.06
1676 1513 0 103.50
1677 990 10 143.76
1681 690 15.57 83.00
1685 1286 9.57 116.90
1687 1011 2 113.89
1688 1031 7.92 65.00
1690 357 8.71 54.92
1691 1073 8.2 106.45
1693 1232 0 83.56
1694 32 7.2 62.49
1694 1341 8.2 82.89
1697 1284 3 21.29
1698 1582 1.67 10.48
1698 425 0 11.24
1704 161 3.63 61.27
1706 252 10.53 82.83
1707 1483 2.3 105.96
1711 742 9.11 85.05
1716 1009 10.11 12.17
1718 196 0 143.81
1718 1455 3 103.36
1719 546 10 94.89
1720 558 9.67 57.68
1720 1761 9.46 83.08
1725 1022 0 114.07
1729 516 9.71 56.09
1730 1697 7.5 33.46
1732 1364 1.67 78.77
1732 1311 1.67 87.52
1734 89 7.44 107.40
1736 415 0 48.67
1738 989 0 75.53
1740 604 10 136.05
1740 1453 9.89 50.27
1743 1607 8.6 121.14
1743 841 10.25 34.81
1744 1530 0 63.17
1747 1079 0 99.68
1751 916 0 80.66
1752 444 8.4 82.75
1753 1170 1 11.49
1753 445 0 11.85
1754 403 3.05 115.77
1756 563 20 19.85
1757 1381 10 104.20
1758 807 5.2 88.36
1761 930 9.06 83.08
1762 84 9 83.34
1763 854 0 19.52
1763 851 6.25 67.20
1764 867 8.37 120.95
1767 1729 0 45.73
1774 830 10.67 82.87
1778 1690 10.04 83.21
1779 1448 7 113.88
1784 1609 7.59 40.97
1784 1465 17.17 61.12
1786 1757 0 88.75
1788 372 0 109.50
1790 1220 0 80.84
1 6 119 335 1075 51 1337 181 985 88 1106 1384 1548 380
2 8 1565 1598 1266 529 62 981 410 125 1241 675 1326 1656 551 1174 326 982
3 10 1667 657 757 1150 200 1482 984 847 1663 1494 187 862 1581 303 1151 311 1652 1495 387 978
