1117 2667 2 8 3 2 2075.81 764.77
152462  49
152512  74
152523  74
152535  49
152544  74
152617  74
152656  74
152664  74
152679  74
152694  74
152736  49
152737  74
152750  49
152753  74
152757  49
152987  74
153127  74
153287  74
153335  74
153454  74
153541  49
153556  74
153769  49
153823  74
153908  74
153986  74
154092  74
154380  74
154987  74
155182  49
155198  74
155411  49
155567  49
155816  74
155848  49
155947  74
156298  49
156346  74
156412  74
156451  49
156506  74
156529  74
156555  49
156664  49
156751  49
156805  49
156808  74
156888  74
156917  74
157007  74
157019  74
157089  49
157094  74
157199  49
157330  49
157371  49
157378  49
157554  49
157565  74
157882  49
157883  74
157920  74
157927  74
157932  49
157946  49
157972  49
157990  74
157995  49
157997  49
158002  74
158007  74
158008  49
158010  74
158014  49
158033  74
158038  74
158039  49
158065  74
158067  74
158089  74
158100  74
152352  49
152365  49
152438  49
152473  49
152476  74
152508  74
152530  49
152540  49
152579  49
152589  74
152608  74
152613  49
152659  49
152663  74
152709  74
152783  49
152805  49
152810  74
152813  49
152819  49
152821  74
152838  49
152845  74
152856  74
152862  74
152864  74
152870  49
152895  49
152896  49
152897  74
152900  49
152903  49
152913  49
152915  74
152922  74
152946  49
152953  49
152956  74
152957  74
152962  74
152965  74
152974  49
152989  74
152991  74
152995  74
152998  74
153000  49
153018  74
153025  74
153029  74
153033  49
153038  49
153049  49
153053  49
153055  74
153058  74
153064  74
153066  49
153073  74
153078  49
153081  49
153096  74
153097  49
153102  49
153143  74
153155  49
153163  74
153168  49
153170  49
153171  74
153174  49
153185  74
153192  49
153210  74
153214  49
153241  49
153244  74
153255  49
153258  74
153260  74
153271  49
153285  74
153295  74
153309  49
153311  74
153312  74
153325  49
153327  74
153339  74
153340  49
153343  74
153345  74
153360  49
153362  49
153365  49
153369  49
153375  74
153376  74
153380  49
153381  74
153385  74
153389  74
153390  74
153394  74
153399  74
153404  74
153405  74
153407  74
153416  49
153417  49
153422  74
153423  74
153424  49
153427  74
153428  74
153430  74
153435  74
153442  74
153444  74
153461  74
153462  74
153463  49
153464  49
153475  49
153476  74
153497  49
153506  74
153527  74
153530  74
153537  74
153538  74
153545  49
153546  49
153594  74
153596  49
153600  49
153606  74
153611  74
153614  49
153615  74
153621  74
153630  74
153633  49
153643  49
153644  49
153648  74
153649  74
153653  49
153654  74
153658  49
153669  74
153670  49
153675  74
153679  49
153682  74
153684  74
153688  74
153697  49
153700  74
153701  49
153702  74
153712  49
153723  74
153724  49
153727  74
153728  49
153729  49
153735  49
153745  49
153747  49
153749  74
153758  74
153762  74
153773  49
153783  49
153788  74
153796  74
153797  49
153801  74
153810  49
153813  49
153819  49
153841  49
153844  74
153847  49
153848  74
153853  74
153857  49
153865  74
153866  74
153870  74
153881  74
153883  49
153884  74
153886  74
153890  49
153898  74
153903  74
153906  74
153919  74
153928  74
153939  74
153941  49
153942  74
153952  74
153960  74
153962  49
153967  74
153971  74
153982  49
153987  74
153989  49
153994  74
154012  49
154017  74
154022  74
154035  74
154036  49
154039  49
154042  49
154043  74
154048  74
154050  74
154053  74
154056  74
154081  74
154083  49
154084  49
154089  74
154096  49
154100  74
154112  74
154119  74
154127  74
154141  74
154145  49
154152  74
154176  74
154177  49
154189  74
154190  74
154194  49
154200  49
154207  49
154230  49
154254  74
154257  49
154261  49
154264  74
154265  74
154268  74
154271  74
154272  74
154273  49
154283  74
154285  74
154290  49
154295  49
154300  74
154301  49
154304  74
154318  49
154334  74
154344  49
154348  74
154351  49
154359  74
154366  74
154368  49
154369  49
154379  74
154387  74
154412  49
154422  74
154429  74
154432  74
154433  74
154442  74
154448  49
154455  74
154460  49
154465  74
154467  49
154472  49
154479  74
154482  74
154483  74
154495  74
154500  74
154506  49
154515  49
154520  74
154522  49
154528  74
154529  74
154532  74
154535  74
154542  49
154548  74
154550  74
154568  49
154569  74
154574  74
154576  74
154577  74
154590  49
154596  49
154598  49
154605  74
154609  74
154611  49
154624  74
154628  74
154632  74
154638  49
154647  74
154651  49
154661  74
154670  49
154681  74
154683  49
154706  49
154718  74
154719  74
154732  49
154742  74
154744  49
154746  74
154749  49
154750  74
154751  74
154761  74
154765  49
154766  74
154772  74
154774  74
154782  74
154783  74
154787  49
154790  74
154803  74
154806  49
154808  74
154810  74
154811  49
154813  49
154817  74
154827  49
154830  49
154831  49
154839  49
154847  74
154849  74
154852  74
154854  74
154859  74
154862  74
154872  49
154878  74
154881  49
154882  74
154887  74
154891  74
154894  49
154907  49
154911  74
154921  49
154934  74
154944  74
154945  74
154946  74
154962  49
154965  74
154969  49
154970  49
154979  74
154981  49
155001  49
155005  74
155009  74
155012  74
155016  49
155020  74
155031  74
155032  49
155041  74
155054  49
155058  74
155078  49
155084  74
155088  49
155100  49
155105  49
155107  74
155110  49
155111  49
155118  74
155119  74
155123  49
155131  74
155138  74
155149  74
155154  49
155158  74
155166  74
155167  49
155169  49
155170  74
155173  74
155174  74
155175  49
155180  49
155195  49
155206  74
155209  74
155219  49
155223  74
155233  74
155238  49
155245  74
155247  49
155248  49
155253  49
155256  74
155257  74
155263  74
155278  74
155286  74
155289  49
155290  49
155293  49
155295  49
155304  74
155307  49
155308  74
155310  49
155311  74
155317  49
155321  74
155322  74
155323  74
155326  74
155336  49
155337  74
155344  74
155348  49
155351  49
155353  49
155358  49
155359  49
155373  49
155376  74
155386  74
155392  49
155400  49
155401  74
155403  74
155404  74
155406  74
155408  49
155416  74
155419  74
155424  49
155426  74
155429  74
155438  49
155440  49
155446  74
155452  49
155467  74
155478  49
155480  49
155491  74
155492  49
155500  74
155505  49
155511  74
155514  74
155517  74
155525  49
155531  74
155535  74
155540  74
155545  49
155546  74
155553  49
155555  49
155556  74
155559  49
155565  49
155572  74
155575  49
155582  49
155586  74
155588  74
155589  74
155590  49
155594  49
155598  74
155603  74
155612  49
155613  74
155614  74
155628  74
155629  49
155635  74
155639  49
155656  74
155663  74
155675  49
155681  74
155682  49
155685  49
155693  49
155698  49
155706  74
155707  49
155710  74
155715  74
155716  49
155724  49
155731  49
155732  74
155740  49
155741  74
155752  74
155759  74
155761  74
155764  74
155765  49
155767  49
155769  74
155771  74
155772  74
155774  74
155780  74
155781  74
155786  49
155789  74
155800  49
155815  74
155817  74
155829  74
155830  74
155835  74
155838  74
155839  49
155843  74
155855  49
155859  74
155862  74
155865  49
155866  74
155870  49
155872  49
155877  49
155881  49
155887  74
155889  49
155894  74
155897  74
155898  74
155900  49
155905  74
155910  74
155913  49
155915  74
155923  74
155926  49
155928  74
155932  74
155942  74
155944  49
155949  74
155954  74
155963  49
155970  74
155976  74
155980  74
155981  49
155985  74
155989  74
155992  49
155996  74
155999  49
156006  49
156008  74
156014  49
156019  74
156020  74
156039  49
156046  74
156052  74
156059  74
156064  74
156066  49
156067  49
156070  74
156073  74
156075  49
156095  49
156103  74
156106  74
156112  49
156116  49
156121  49
156123  74
156127  74
156128  74
156136  74
156142  49
156147  49
156149  74
156150  74
156152  74
156154  49
156162  74
156168  74
156176  74
156178  49
156183  49
156192  49
156193  74
156200  49
156201  49
156205  74
156207  49
156211  49
156212  74
156220  49
156222  49
156227  74
156237  49
156244  49
156247  49
156248  74
156257  49
156259  74
156263  49
156264  49
156266  49
156267  74
156273  74
156277  49
156281  74
156285  74
156288  49
156289  49
156290  49
156296  74
156300  49
156308  49
156315  74
156316  74
156319  49
156320  49
156330  49
156335  49
156337  74
156342  49
156343  74
156345  74
156357  74
156359  74
156360  49
156362  74
156365  74
156369  74
156371  74
156372  74
156377  74
156380  74
156384  74
156397  74
156399  49
156401  74
156404  74
156405  49
156406  74
156409  74
156411  74
156428  49
156432  74
156435  49
156453  74
156456  74
156461  49
156463  74
156469  49
156470  74
156473  74
156478  49
156483  49
156489  74
156499  74
156500  74
156501  74
156502  74
156505  74
156517  74
156518  74
156519  49
156521  74
156524  49
156525  74
156535  74
156539  74
156544  74
156549  74
156553  49
156563  74
156569  74
156570  74
156571  74
156575  49
156580  74
156585  49
156588  49
156589  74
156591  74
156594  74
156605  74
156607  49
156608  74
156617  74
156619  49
156622  74
156623  74
156630  49
156637  49
156638  74
156649  74
156657  74
156658  49
156666  74
156669  74
156674  74
156680  74
156684  74
156685  74
156692  74
156693  74
156694  74
156699  49
156700  49
156707  49
156708  49
156712  74
156714  74
156715  49
156719  74
156720  74
156724  74
156731  49
156734  49
156736  49
156738  74
156741  49
156752  74
156757  49
156758  49
156760  74
156763  49
156767  74
156771  74
156774  49
156776  74
156796  74
156797  74
156798  74
156810  74
156813  74
156816  49
156826  49
156827  49
156829  74
156833  74
156841  49
156844  49
156857  74
156858  74
156861  74
156863  49
156868  74
156870  74
156873  74
156874  74
156878  49
156886  49
156897  74
156899  49
156909  74
156910  74
156911  49
156925  49
156927  74
156933  74
156934  74
156938  49
156939  49
156942  74
156950  74
156951  74
156954  74
156956  49
156958  74
156962  74
156965  49
156967  49
156971  74
156972  74
156974  74
156977  74
156982  49
156999  74
157001  74
157003  49
157009  74
157011  49
157026  74
157028  74
157030  49
157033  74
157037  74
157039  74
157063  49
157067  74
157073  49
157075  74
157079  74
157082  74
157087  74
157103  74
157106  74
157107  74
157110  49
157115  49
157117  74
157121  49
157125  74
157126  74
157127  49
157133  49
157136  49
157139  74
157145  74
157151  74
157153  49
157155  74
157158  49
157163  49
157167  74
157174  74
157189  49
157190  74
157193  74
157194  74
157198  74
157201  49
157208  49
157220  74
157226  49
157230  74
157231  74
157232  74
157237  49
157238  74
157244  74
157254  49
157255  74
157256  74
157263  49
157264  49
157266  49
157267  49
157273  49
157274  74
157277  49
157282  49
157288  74
157292  74
157294  74
157296  74
157297  49
157300  74
157307  74
157314  74
157318  74
157322  74
157323  74
157326  49
157327  49
157337  74
157340  74
157342  74
157353  74
157354  74
157367  74
157382  49
157383  49
157384  74
157394  74
157404  74
157406  74
157410  74
157416  49
157422  49
157431  49
157433  74
157436  49
157451  74
157454  49
157456  74
157460  49
157462  74
157467  74
157472  74
157479  74
157486  74
157491  74
157492  74
157495  74
157498  49
157501  74
157502  74
157508  74
157523  49
157538  74
157540  49
157544  74
157545  74
157547  49
157548  74
157553  49
157556  74
157560  74
157576  74
157578  49
157579  49
157580  74
157584  74
157585  74
157586  49
157594  49
157596  49
157597  74
157598  74
157601  74
157602  49
157605  74
157606  74
157607  74
157608  49
157614  74
157616  49
157619  74
157622  74
157623  74
157624  74
157627  49
157630  74
157642  49
157644  74
157656  49
157662  74
157666  74
157670  74
157671  74
157679  49
157686  49
157687  74
157688  49
157693  74
157694  49
157697  49
157698  74
157702  74
157704  74
157705  49
157706  74
157707  49
157711  74
157712  49
157715  74
157717  74
157732  74
157736  74
157739  74
157748  74
157753  74
157755  74
157767  49
157769  49
157772  49
157775  74
157778  49
157779  74
157786  74
157789  74
157792  49
157793  74
157804  74
157813  49
157816  49
157818  74
157824  74
157825  49
157831  49
157837  74
157841  49
157851  74
157852  49
157853  74
157857  49
157861  74
157864  74
157901  74
157906  74
157912  49
157915  74
157925  74
157928  74
157936  74
157942  74
157973  49
157978  74
158006  74
158027  49
158036  74
158041  74
158046  49
158071  74
158072  74
158088  74
158166  74
158168  74
152462  152870  0.00    97.16
152512  152810  5.86    98.86
152523  152995  12.60   115.51
152530  152783  3.00    75.82
152535  153155  7.83    132.50
152544  153096  4.13    147.65
152613  153000  3.00    82.27
152617  152862  4.17    104.32
152656  152962  8.80    77.40
152663  153025  3.71    86.59
152664  152922  10.09   102.98
152679  153055  6.17    134.16
152694  152856  9.00    46.54
152709  153064  9.00    100.54
152736  152903  13.25   129.26
152737  152998  9.33    91.90
152737  152810  9.89    122.89
152750  152819  3.00    13.20
152753  152989  5.43    57.04
152757  153097  4.75    72.98
152783  153073  3.00    77.16
152805  152365  7.75    94.87
152805  152540  7.83    63.37
152810  153029  1.91    82.25
152813  152473  6.50    79.38
152813  152530  6.80    105.17
152819  152579  3.00    81.46
152819  152895  0.00    17.65
152821  153295  4.10    130.12
152821  152709  6.74    48.64
152838  153102  13.93   139.75
152838  152438  6.15    83.99
152856  152476  17.20   149.00
152856  153058  2.89    56.16
152862  153055  3.13    86.57
152862  152589  6.71    89.69
152870  153033  20.00   38.93
152870  152953  0.00    31.47
152895  153241  4.00    84.62
152895  152913  10.33   11.53
152896  153038  2.50    50.96
152897  152608  0.00    99.47
152900  152805  5.50    54.28
152900  152838  2.00    12.71
152913  152974  40.00   64.45
152913  152352  7.12    117.80
152915  153343  10.64   91.97
152915  152663  8.13    102.05
152922  153461  11.11   124.29
152946  152613  3.00    128.97
152946  152903  0.00    31.31
152953  152813  4.00    55.48
152956  152821  3.00    51.47
152956  152922  1.00    13.78
152957  153143  3.00    55.05
152965  152508  9.00    133.97
152974  153049  4.89    66.08
152987  153171  0.00    66.74
152989  152957  2.33    48.92
152989  153435  5.33    107.46
152991  153018  8.73    102.62
152998  153244  8.20    91.89
153000  153380  3.00    81.62
153018  152989  7.10    102.70
153025  152965  1.00    38.15
153025  153345  5.43    85.41
153029  153258  1.31    82.31
153033  152953  0.00    36.31
153038  153214  2.00    50.82
153049  153097  0.00    34.80
153053  152913  2.00    31.43
153055  153163  6.00    119.45
153055  153244  3.71    87.12
153058  153096  3.00    11.91
153064  153423  7.57    100.54
153066  153170  8.00    51.84
153066  152900  2.20    38.79
153073  153214  5.33    41.45
153078  152659  14.00   104.09
153078  153033  14.33   75.64
153081  152896  8.67    89.83
153096  153312  4.92    70.83
153097  153192  7.25    39.17
153102  153309  6.00    110.69
153127  152856  8.67    81.10
153143  153185  2.33    13.99
153143  153260  0.00    70.82
153155  153380  9.50    79.91
153163  152991  4.09    103.93
153163  153339  51.50   76.48
153168  152946  20.00   75.16
153170  153255  5.50    51.15
153171  152915  4.56    109.76
153174  152896  4.50    80.02
153185  153394  1.00    69.82
153192  153783  4.50    124.99
153192  153545  10.80   101.86
153210  153171  6.36    75.95
153214  153644  7.40    120.74
153241  153325  1.00    15.28
153244  153390  4.80    74.88
153255  153362  8.67    52.84
153258  153381  0.00    38.48
153271  152579  13.25   147.99
153271  153155  8.13    60.25
153285  153210  6.04    76.27
153285  153537  10.22   108.42
153287  152845  1.77    103.22
153295  153327  11.18   61.94
153309  153417  3.00    52.67
153309  152946  6.75    83.61
153311  153285  8.67    10.02
153311  152864  9.92    123.60
153312  153423  5.83    43.14
153325  153600  5.00    60.90
153325  153369  10.00   9.48
153327  153427  8.67    55.01
153327  152956  10.10   89.16
153335  152897  1.50    103.46
153339  153594  10.75   80.61
153339  153385  8.25    112.09
153340  153053  3.00    61.93
153340  153241  0.00    35.68
153343  153649  5.38    67.17
153343  153476  3.00    39.53
153345  153669  8.80    85.84
153360  152974  6.11    81.86
153362  153614  6.14    133.56
153362  153102  11.50   55.01
153365  153340  0.00    4.47
153369  153271  7.00    39.55
153369  153819  10.75   107.73
153375  153633  10.00   77.95
153376  153295  4.75    54.21
153376  153866  0.00    120.27
153380  153463  11.00   41.97
153381  153442  2.00    16.74
153381  153399  2.45    33.32
153385  153788  6.44    99.68
153385  153435  5.00    69.88
153389  153381  2.14    12.66
153389  153258  4.69    29.74
153390  153399  3.00    4.55
153394  152965  6.00    92.45
153399  153442  1.00    28.91
153404  153389  5.50    22.69
153404  153538  4.91    40.81
153405  153404  3.00    7.87
153405  153258  1.00    34.65
153407  152956  4.69    101.21
153416  153049  9.20    77.86
153417  153168  7.67    75.96
153417  153463  10.00   24.96
153422  153615  15.00   103.66
153423  153428  8.67    33.34
153424  153038  3.38    106.93
153427  153407  4.00    26.15
153428  153376  6.36    30.96
153430  153611  5.00    40.25
153430  153405  6.12    106.99
153435  153684  3.00    62.07
153442  153462  0.00    10.97
153442  153606  1.00    35.99
153444  153375  1.00    76.94
153444  153058  4.00    113.11
153454  153311  7.80    83.64
153461  153702  14.33   54.37
153461  153430  2.58    107.12
153462  153538  1.50    24.36
153462  153389  5.07    19.22
153463  153497  8.67    82.50
153463  153614  0.00    62.84
153464  153081  0.00    94.01
153464  153174  2.00    79.86
153475  153546  4.43    56.32
153475  153066  5.50    88.72
153476  153649  9.83    49.27
153506  153427  7.13    30.24
153506  153407  2.27    23.15
153527  153538  4.25    23.77
153527  153462  4.00    16.46
153530  153461  1.67    23.80
153530  153506  4.17    4.98
153537  153476  2.00    118.98
153537  153928  7.92    132.57
153538  153952  4.08    96.84
153541  153643  8.67    60.27
153541  153475  8.00    14.08
153541  153697  7.33    37.12
153546  153170  8.20    79.43
153546  153596  20.00   46.70
153556  153700  6.78    68.67
153594  153919  7.95    102.76
153594  153422  4.65    103.39
153596  153255  11.50   71.52
153596  153658  11.00   56.10
153600  153365  0.00    62.78
153600  153679  11.18   19.44
153606  153967  3.24    87.19
153606  153527  2.50    19.15
153611  153727  6.32    78.52
153614  153747  1.00    54.51
153615  153390  8.69    104.62
153621  153444  11.20   52.52
153630  153530  5.80    30.87
153630  153682  7.13    18.32
153643  153078  5.33    122.60
153643  153701  6.69    80.15
153644  154042  15.75   120.86
153648  153185  6.89    128.19
153649  153884  6.46    72.21
153653  153365  5.60    64.46
153654  153530  3.00    28.53
153654  153630  0.00    16.33
153658  153362  5.50    65.06
153658  153670  0.00    9.22
153669  153801  11.78   118.92
153669  153394  3.00    67.73
153670  153747  9.63    67.80
153670  153883  0.00    51.91
153675  153312  6.88    111.87
153675  153444  6.40    78.68
153679  153813  2.60    29.54
153679  153724  0.00    23.56
153682  153749  10.17   29.77
153684  153723  0.00    19.39
153684  153870  10.29   50.71
153688  153428  7.67    104.11
153697  153857  8.67    40.31
153700  153939  8.58    114.12
153701  153033  7.40    143.46
153701  153464  10.80   74.05
153702  153654  0.00    18.83
153702  153848  6.67    31.74
153712  153679  0.00    39.51
153712  153600  9.90    39.61
153724  153729  1.00    28.01
153724  153653  5.33    15.41
153727  153702  7.41    39.96
153728  153735  6.00    15.89
153728  153653  13.00   46.72
153729  153728  0.00    13.01
153735  153360  22.67   81.86
153735  153773  4.21    69.18
153749  154119  7.09    97.43
153749  153866  6.59    85.31
153758  153886  3.00    76.27
153762  154035  20.00   91.78
153762  153621  8.67    39.06
153769  153941  7.25    58.05
153773  153783  11.27   65.79
153773  153416  5.80    77.86
153783  153745  7.86    82.11
153788  154176  5.33    115.93
153796  153611  8.88    65.73
153796  153987  8.48    131.99
153797  153424  7.45    106.97
153797  154036  6.00    60.65
153801  154081  8.33    76.55
153810  153697  7.07    85.87
153813  154145  7.33    94.14
153819  154194  3.00    107.99
153823  153700  8.07    148.71
153841  153813  0.00    27.27
153841  153724  6.50    25.25
153844  153788  4.15    75.14
153847  153729  2.00    33.86
153847  153841  0.00    3.05
153848  153971  0.00    40.49
153848  154304  3.00    120.23
153853  153675  10.00   53.14
153853  153621  5.33    78.61
153857  153890  3.00    10.27
153865  153898  4.15    96.83
153866  153881  3.00    12.98
153870  154056  8.67    49.83
153870  154022  20.00   57.43
153881  153906  5.15    12.36
153881  154152  8.14    69.07
153883  153810  7.00    85.80
153884  153994  4.64    36.65
153886  154017  5.50    76.29
153890  153989  10.86   89.46
153890  154096  5.62    51.59
153898  153919  6.75    10.19
153903  153853  0.00    15.69
153906  154264  5.41    146.15
153906  153758  6.93    52.88
153908  153898  0.00    7.35
153908  154265  6.15    117.65
153919  154053  6.50    77.87
153928  154100  3.00    59.04
153939  153928  6.50    105.93
153939  154271  7.24    115.64
153941  153762  3.00    58.54
153942  153682  9.63    60.80
153952  154268  6.68    92.62
153952  153960  0.00    4.47
153960  154048  10.43   60.46
153960  153796  8.28    67.73
153962  153857  9.00    65.02
153967  153865  5.19    96.70
153967  154334  3.65    108.26
153971  153654  2.00    73.41
153971  153942  0.00    17.06
153982  153883  5.44    91.72
153986  154189  7.88    109.94
153987  153727  9.48    62.80
153989  154084  5.40    89.45
153994  153801  10.22   128.96
153994  154433  7.56    149.04
154012  153797  2.50    74.10
154012  153962  2.00    49.60
154017  154050  11.50   18.22
154022  154112  0.00    45.95
154022  154089  0.00    41.64
154035  153903  24.33   44.97
154036  154042  11.00   12.50
154036  154230  11.50   52.28
154039  153941  50.00   32.93
154039  154273  9.18    132.67
154042  154039  5.35    140.91
154043  154127  3.00    31.43
154043  153688  7.80    106.67
154048  154141  14.82   54.02
154048  154348  9.13    85.49
154050  154043  0.00    7.47
154053  153844  20.00   77.29
154056  154190  0.00    42.58
154056  154112  0.00    33.62
154083  154261  10.00   49.44
154083  153982  4.67    91.77
154084  153883  20.00   50.73
154084  154207  5.50    133.02
154089  153648  7.83    130.05
154089  154609  6.80    146.68
154092  154053  0.00    10.27
154096  154542  5.63    127.56
154100  154432  10.60   114.03
154100  153884  16.67   83.60
154119  154495  4.86    98.15
154141  154483  7.75    98.03
154145  154472  3.00    93.99
154145  154301  0.00    66.05
154152  154283  0.00    34.36
154176  154569  3.00    115.93
154177  154096  2.50    85.84
154189  154628  6.43    148.10
154189  154271  10.25   127.03
154190  154254  0.00    31.39
154190  154300  1.00    32.97
154194  154368  0.00    47.96
154194  154083  5.00    109.03
154194  154200  0.00    8.83
154200  153712  1.00    133.39
154200  154301  8.67    101.22
154207  154261  17.67   52.01
154254  154112  0.00    43.86
154257  154177  8.67    85.81
154257  154084  0.00    48.89
154261  154369  4.43    83.53
154264  154017  5.20    85.08
154264  154500  4.55    140.68
154265  154532  7.24    78.15
154268  154577  5.25    91.98
154271  154422  11.33   52.24
154272  153987  6.65    75.40
154273  154295  5.55    35.12
154283  154520  3.00    59.89
154285  154265  11.30   86.56
154290  153847  11.00   125.51
154295  154749  7.71    149.85
154295  154506  4.67    55.35
154300  154442  0.00    41.18
154300  154366  0.00    32.02
154301  154472  5.80    91.31
154301  154611  10.30   79.59
154304  154766  3.00    120.24
154318  154257  11.50   50.41
154318  154207  13.71   98.00
154334  154681  3.75    108.05
154344  154318  3.00    26.45
154348  154624  10.75   84.66
154351  154200  0.00    41.46
154359  154035  14.57   106.05
154366  154254  11.50   31.00
154368  154351  3.00    12.27
154368  154412  0.00    14.98
154369  154368  0.00    17.26
154369  154412  0.00    16.70
154379  153942  9.00    114.62
154380  154535  8.40    75.00
154387  154283  0.00    60.14
154387  154152  6.50    81.16
154412  154448  0.00    12.80
154412  154598  8.00    98.75
154422  154432  7.67    109.15
154422  154719  8.56    102.32
154429  153971  4.22    120.74
154432  154433  8.33    118.31
154433  154550  5.75    39.02
154442  154465  0.00    8.68
154448  154351  8.00    29.97
154448  154568  3.00    44.30
154455  154141  5.80    90.59
154460  154012  2.71    135.00
154460  153962  13.83   134.38
154467  154344  6.43    128.75
154472  154827  10.43   99.68
154479  154081  5.57    146.44
154482  154366  0.00    37.36
154483  154810  20.00   97.35
154495  154605  3.00    27.89
154500  154632  4.42    81.12
154500  154782  4.67    77.95
154506  154732  6.00    62.89
154506  154522  10.60   100.91
154515  154590  7.57    76.84
154520  154495  6.88    57.59
154522  154359  6.00    102.45
154528  154465  11.50   32.51
154528  154482  0.00    11.12
154529  154387  8.67    85.66
154532  154783  4.22    78.23
154535  154647  3.00    60.02
154535  154808  11.50   80.09
154542  154596  3.00    19.80
154542  154460  0.00    25.84
154548  154810  7.36    148.75
154548  154272  3.00    74.62
154550  154574  3.00    8.94
154568  154765  2.67    61.63
154568  154831  9.78    137.26
154569  154285  6.60    90.92
154574  154761  6.78    77.16
154574  154479  11.50   87.61
154576  154569  0.00    3.17
154577  154854  6.95    86.09
154590  154344  4.67    70.05
154590  154651  0.00    46.92
154596  154670  2.90    30.24
154596  154467  3.25    128.64
154598  154813  6.40    135.87
154598  154515  3.00    76.88
154605  154852  6.00    71.62
154609  154847  8.67    76.56
154609  154479  3.38    84.74
154611  154872  14.33   79.56
154624  154790  3.00    54.92
154628  154719  3.75    143.07
154632  154806  5.85    81.61
154638  154448  5.68    105.30
154647  155058  3.00    123.75
154647  154878  6.14    118.35
154651  154683  8.67    106.95
154651  154881  9.57    125.60
154661  154774  6.50    29.29
154661  154529  13.25   85.66
154670  154749  7.40    22.25
154681  155009  7.37    108.05
154683  154811  7.83    106.99
154706  154969  0.00    109.94
154706  154638  0.00    17.91
154718  154576  10.50   89.54
154719  154934  8.47    80.94
154732  154962  5.33    106.65
154732  154806  8.57    141.80
154742  155031  3.43    115.74
154742  154550  3.00    81.51
154744  154290  6.80    125.52
154746  154520  5.44    131.76
154749  154787  10.00   13.50
154750  154605  11.38   53.84
154751  154455  4.25    89.70
154751  154624  8.78    53.65
154761  154882  9.06    76.40
154765  154839  18.67   44.24
154765  155100  5.18    111.37
154766  154772  10.00   11.39
154766  155012  3.00    75.85
154772  154548  11.29   67.53
154772  154945  10.33   106.79
154774  154817  0.00    14.59
154774  154746  11.00   85.50
154782  154661  5.50    70.39
154782  154891  3.00    39.14
154783  154887  7.33    75.77
154787  155169  5.26    127.51
154790  154577  7.73    69.14
154803  154379  7.50    114.68
154806  154962  4.23    85.26
154810  154751  9.00    65.67
154811  154670  10.88   60.55
154813  154970  3.00    109.29
154813  154590  0.00    65.55
154817  154911  0.00    35.57
154817  154849  0.00    74.09
154827  155016  3.00    62.66
154830  154638  7.67    116.59
154831  154706  0.00    33.00
154839  154921  0.00    52.77
154847  154718  10.25   89.54
154849  154750  5.80    147.96
154849  154746  0.00    33.54
154852  155209  8.30    125.50
154852  155166  0.00    106.73
154854  155138  6.77    86.95
154859  154882  15.00   75.02
154862  154429  9.78    120.72
154872  154827  2.33    88.12
154878  155158  6.33    120.24
154881  154811  5.50    126.88
154882  155118  5.83    82.89
154887  154576  8.67    90.02
154887  155041  9.86    100.24
154891  155020  3.00    39.08
154891  154979  8.50    82.14
154894  154872  3.00    15.40
154907  154787  8.86    63.94
154911  154946  7.25    57.80
154921  155167  2.00    76.28
154921  155032  5.14    56.39
154934  154742  5.33    92.45
154934  155286  11.80   118.60
154944  154911  6.85    42.92
154945  154965  8.46    104.77
154946  155005  7.00    90.35
154946  154849  3.00    30.10
154962  155078  6.47    45.86
154965  154790  9.80    106.70
154969  155307  0.00    113.42
154970  155219  10.75   111.54
154979  155175  3.00    84.92
154981  155154  2.00    82.16
154981  154830  22.64   108.41
154987  155058  6.94    147.80
155001  154894  3.00    30.66
155005  154750  4.92    94.55
155009  155084  8.37    78.00
155009  155311  3.52    114.44
155009  155263  5.77    111.72
155012  155257  4.00    77.14
155016  155180  6.50    57.08
155020  155223  3.00    66.43
155020  154944  11.64   79.16
155031  154859  8.25    77.22
155031  155149  0.00    94.14
155032  155289  0.00    81.42
155032  155480  3.00    138.84
155041  155174  10.13   100.25
155054  155016  8.00    53.67
155058  155107  3.43    114.15
155078  155195  5.46    42.90
155078  155353  6.93    129.74
155084  155233  10.50   108.82
155084  154783  8.92    92.45
155088  155054  7.67    59.59
155088  155001  2.33    28.25
155100  155001  6.11    64.07
155105  154981  4.00    61.62
155107  155158  6.73    114.15
155110  154907  11.50   62.87
155111  154831  8.80    101.76
155118  154847  7.80    88.32
155118  155174  6.00    20.39
155119  154944  7.00    91.13
155123  154744  7.80    125.45
155131  155138  7.20    67.82
155131  154790  3.60    105.74
155138  155308  6.92    56.81
155149  155206  3.89    121.94
155154  154830  25.90   116.01
155158  155322  3.78    69.64
155166  154803  2.00    114.70
155167  155424  0.00    76.25
155169  155247  4.25    29.99
155170  155005  7.25    67.10
155170  155119  5.50    88.07
155173  155131  8.83    104.82
155174  155206  20.00   9.37
155175  155223  9.22    100.30
155175  155353  9.20    55.15
155180  155373  20.00   71.98
155180  155452  0.00    78.72
155182  155310  3.75    78.81
155195  155290  2.91    32.41
155198  155012  13.00   139.33
155198  155173  5.33    61.29
155198  155257  7.47    117.41
155206  155386  7.64    66.94
155209  155511  10.60   103.07
155219  155359  26.00   58.22
155219  154907  11.44   142.85
155223  155278  6.73    93.31
155233  155386  6.85    108.71
155238  155478  8.80    103.78
155238  155219  0.00    12.59
155238  155105  13.20   60.16
155245  155166  10.00   23.44
155245  155209  10.24   94.14
155247  155195  2.38    25.14
155247  155290  0.00    14.06
155248  155123  6.00    42.37
155253  155100  3.00    63.28
155253  154839  6.89    130.47
155256  155245  0.00    26.56
155256  154862  6.00    120.79
155257  155256  5.33    20.79
155257  155401  0.00    44.86
155263  155540  4.24    111.90
155278  155326  10.00   93.31
155286  155304  6.96    72.99
155289  155559  0.00    81.38
155290  155295  3.00    3.20
155293  155169  2.80    39.71
155293  155247  6.25    17.12
155295  155293  0.00    12.37
155295  155351  11.00   18.37
155304  155322  3.90    30.39
155307  155675  0.00    114.11
155308  155337  0.00    76.57
155308  155535  8.60    64.81
155310  155348  10.00   20.28
155310  155358  4.67    102.94
155311  155546  5.16    111.25
155317  155154  50.00   60.34
155317  155105  7.00    104.83
155322  155406  3.89    81.62
155323  155286  5.36    81.22
155326  155170  33.67   72.23
155336  155054  8.33    92.85
155337  155376  10.00   76.59
155344  155326  0.00    8.25
155348  155373  3.00    14.48
155348  155248  0.00    42.54
155351  155553  5.90    127.69
155351  155440  2.50    26.11
155353  155429  4.25    117.54
155353  155553  6.50    56.26
155359  155110  9.36    122.48
155359  155575  3.00    69.45
155373  155400  0.00    14.16
155376  155173  9.88    62.37
155376  155419  8.71    87.07
155386  155588  5.69    67.52
155392  155359  1.00    13.29
155392  155698  5.88    144.80
155392  155238  14.91   59.69
155400  155505  11.50   36.50
155400  155452  5.60    15.57
155401  155467  11.00   16.00
155403  155446  4.43    61.22
155404  155401  5.90    23.06
155404  155256  7.71    45.99
155406  155589  7.00    129.60
155406  155426  6.82    124.95
155408  155088  3.50    100.44
155411  155317  1.00    31.01
155416  155149  5.69    81.48
155416  155323  5.13    81.71
155419  155467  9.43    87.07
155424  155253  3.00    64.31
155424  155855  8.57    142.23
155426  155321  4.08    125.22
155429  155500  6.50    117.54
155438  155111  5.60    103.11
155440  155612  5.74    57.68
155440  155293  5.74    41.24
155446  155491  9.55    40.80
155452  155545  3.27    36.54
155467  155628  7.64    56.46
155478  155675  10.75   103.83
155480  155525  0.00    35.37
155491  155514  10.00   34.56
155492  155100  4.76    117.10
155500  155344  7.25    68.41
155505  155555  8.00    44.80
155511  155635  11.20   50.03
155514  155511  0.00    25.40
155517  155500  3.00    8.02
155525  155559  9.80    31.80
155531  155416  3.92    87.23
155535  155540  9.20    9.87
155540  155769  9.83    110.29
155545  155639  8.33    45.97
155545  155900  11.08   126.14
155546  155588  8.98    85.03
155553  155603  3.63    114.39
155556  155304  2.17    106.84
155559  155565  10.00   8.66
155565  155424  3.00    55.11
155567  155582  0.00    26.95
155572  155535  8.82    129.35
155572  155376  5.33    57.40
155575  155707  0.00    46.93
155582  155612  5.40    62.75
155582  155110  8.21    148.23
155586  155531  3.95    86.72
155586  155985  0.00    146.07
155588  155586  0.00    10.14
155589  155980  12.37   136.99
155590  155786  8.14    100.58
155590  155392  4.67    64.78
155590  155575  0.00    12.25
155594  155253  8.13    105.08
155598  155572  6.50    86.11
155603  155614  10.00   15.46
155603  155629  5.00    127.15
155612  155724  4.13    39.70
155614  155517  7.94    116.45
155614  155741  0.00    43.61
155628  155598  2.14    86.11
155628  155862  20.00   75.70
155629  155612  37.14   127.15
155635  155170  9.36    142.99
155635  155829  8.50    67.41
155639  155336  5.17    92.86
155639  155682  3.75    34.79
155656  155404  18.41   78.42
155663  155613  8.00    76.90
155675  155693  0.00    10.69
155681  155732  8.33    76.25
155681  155446  5.50    82.25
155682  155716  3.00    25.97
155685  155565  3.00    43.96
155685  155525  4.75    66.85
155693  155438  6.75    101.33
155698  155881  2.00    96.09
155706  155663  3.58    76.90
155707  155889  3.33    58.90
155707  155767  8.32    104.67
155710  155572  5.50    48.39
155710  155715  2.33    13.13
155715  155769  9.50    45.13
155716  155408  8.13    100.37
155716  155765  3.00    27.10
155724  155767  2.00    14.37
155724  155731  4.25    142.41
155731  155741  7.80    142.54
155732  155514  11.50   113.81
155732  155491  11.00   83.29
155740  155800  0.00    82.68
155752  155613  5.83    58.27
155752  155894  3.00    49.46
155759  155344  8.33    130.83
155761  155866  20.00   110.67
155764  155830  10.33   92.65
155764  155715  3.00    15.26
155765  156183  6.00    144.14
155765  155839  3.00    37.32
155767  155944  4.23    65.12
155769  155817  14.33   17.71
155769  155887  9.86    54.16
155771  155403  10.00   122.01
155772  155546  5.95    80.96
155774  155815  3.00    49.82
155774  155752  3.00    8.02
155780  155706  6.65    120.55
155781  155710  0.00    85.95
155786  155981  10.00   100.20
155789  155556  12.00   107.48
155800  155480  3.88    116.58
155816  155517  6.40    96.14
155817  155764  5.75    31.42
155817  155838  6.67    30.33
155829  155759  8.67    34.37
155830  155915  1.67    92.92
155835  155681  4.67    49.22
155835  155771  6.43    47.69
155838  156019  4.94    86.36
155838  155764  3.00    21.11
155839  155913  5.43    51.86
155839  155492  9.75    117.08
155848  155505  5.13    136.51
155855  155999  3.00    46.00
155855  155926  0.00    32.49
155859  155741  3.00    39.51
155862  155915  0.00    15.49
155862  155781  1.00    86.06
155865  155693  3.00    55.24
155866  155996  2.50    110.85
155870  155872  3.00    108.29
155872  155859  3.00    108.30
155877  155590  5.83    96.44
155877  156121  23.83   139.90
155881  155865  1.00    13.50
155881  156095  3.00    77.46
155887  155897  0.00    3.64
155887  155928  7.67    32.13
155889  156192  13.57   108.46
155889  155877  0.00    11.58
155897  155932  10.00   24.31
155897  155976  5.42    29.74
155898  155656  7.53    78.61
155900  156207  3.00    102.42
155905  155859  3.00    14.14
155910  155835  7.75    70.99
155913  155999  10.30   54.60
155913  155594  6.40    105.00
155915  156357  2.00    149.01
155915  155898  0.00    20.66
155923  155774  3.00    48.53
155926  155685  3.00    90.46
155928  155949  0.00    11.52
155928  155761  12.33   66.53
155932  155817  4.78    55.87
155942  155706  18.67   75.59
155944  156112  5.65    88.15
155944  156039  0.00    41.60
155947  155732  0.00    67.64
155947  155910  12.20   31.68
155947  155829  4.75    109.82
155949  156020  4.69    59.99
155949  155976  2.00    24.47
155954  155741  5.70    145.73
155963  155698  5.80    87.51
155970  155932  11.50   14.60
155976  156371  13.67   134.60
155976  155970  20.00   24.62
155980  156070  6.75    30.72
155980  155780  5.56    142.84
155981  155963  0.00    7.96
155989  155905  6.67    85.88
155992  156075  11.50   61.29
155992  155740  14.57   87.38
155996  156008  3.00    10.57
155999  156006  0.00    4.89
156006  155926  3.00    32.11
156008  156073  13.33   103.19
156008  155772  8.32    80.83
156014  156263  0.00    83.28
156014  155900  8.00    76.52
156019  156281  6.34    90.00
156020  156127  8.73    100.45
156020  156285  6.59    94.07
156039  156320  14.36   94.70
156039  156264  8.14    94.98
156046  155954  1.00    68.44
156052  155923  4.44    97.91
156059  155954  5.33    99.00
156059  155905  4.17    54.42
156064  155843  12.33   106.77
156066  155870  17.20   82.80
156067  155989  50.00   85.87
156067  155870  50.00   86.37
156070  156259  5.62    81.31
156073  156064  10.82   102.99
156075  155865  7.94    73.07
156095  156300  7.25    77.15
156103  155789  23.38   110.39
156103  156106  2.43    71.27
156106  155980  2.33    80.28
156112  156116  10.29   2.90
156116  156220  1.00    61.62
156121  156257  3.00    60.15
156121  155981  0.00    59.52
156123  156070  8.86    117.51
156123  155780  7.46    111.75
156127  156193  6.80    64.64
156127  156432  11.63   133.84
156128  156059  8.00    80.43
156136  155898  3.00    79.29
156142  155682  9.83    149.88
156147  155800  13.50   135.13
156149  156046  7.25    70.70
156149  156248  8.00    96.05
156150  156123  10.67   54.94
156152  155923  17.00   75.37
156154  155877  5.71    101.64
156162  156103  5.69    102.70
156168  155942  5.13    75.59
156168  156150  8.86    56.62
156178  155963  11.00   77.51
156183  156585  9.65    145.14
156192  156116  3.05    59.53
156192  156220  0.00    9.64
156193  156315  5.56    114.58
156193  155996  12.86   72.29
156200  155992  7.13    116.55
156201  156128  3.00    80.44
156201  156067  11.50   51.25
156205  156059  3.00    50.68
156205  156046  6.50    144.78
156207  156483  4.29    102.36
156211  156192  3.00    15.32
156211  156154  0.00    18.66
156212  155910  2.00    103.05
156212  156149  8.17    46.52
156220  156237  8.60    13.23
156222  156335  5.00    81.79
156222  156154  26.50   25.61
156227  156162  6.00    94.94
156237  156308  2.33    38.66
156237  156211  0.00    9.93
156244  155839  2.75    134.81
156247  156066  10.86   81.89
156247  156067  8.50    63.37
156248  156343  6.43    96.04
156259  156384  5.60    79.12
156263  156483  10.00   83.26
156264  156247  8.80    94.22
156266  156288  0.00    19.40
156266  155913  4.67    117.36
156267  156359  3.00    92.79
156267  156212  3.00    18.15
156273  156205  5.40    79.32
156277  156222  3.77    19.14
156277  156211  0.00    30.99
156281  156316  5.50    11.77
156281  156345  7.56    121.75
156285  156505  6.64    92.87
156288  156006  2.20    109.86
156289  156300  0.00    9.73
156289  156075  8.44    79.29
156290  156319  0.00    16.36
156290  156266  0.00    10.48
156296  156162  3.43    76.45
156298  156014  7.21    120.15
156300  156428  20.00   73.83
156300  156330  3.00    15.33
156308  156277  1.00    12.66
156315  156227  3.06    95.68
156315  156411  6.33    65.83
156316  156176  0.00    91.63
156316  156517  4.33    79.64
156319  156288  0.00    11.59
156320  156575  2.00    94.75
156330  156399  10.00   68.43
156335  156399  2.50    80.74
156337  156168  5.80    55.27
156342  156201  8.67    51.96
156342  156273  3.00    79.32
156343  156205  6.50    49.69
156345  156357  9.00    16.29
156345  156372  0.00    8.29
156346  156296  8.00    75.08
156357  156684  0.00    137.32
156357  156369  11.50   19.83
156359  156456  6.90    127.42
156360  156112  7.50    91.38
156362  156052  0.00    102.10
156362  156337  2.00    60.26
156365  156106  2.00    106.42
156369  156409  8.41    118.47
156369  156136  7.18    78.89
156371  156694  14.88   133.52
156372  156666  0.00    108.04
156377  155970  8.84    142.22
156380  156152  14.33   75.38
156380  156362  3.00    52.63
156384  156397  7.00    9.41
156397  156123  6.00    92.82
156397  156473  5.60    61.27
156399  156708  12.33   118.12
156399  156178  4.88    77.74
156401  156227  9.50    105.76
156404  156343  11.50   79.97
156405  156319  0.00    37.39
156405  156290  20.00   41.76
156409  156267  3.00    52.05
156409  156470  11.50   74.62
156411  156453  3.00    30.83
156411  156463  9.00    21.50
156412  156719  10.90   150.55
156428  156289  0.00    69.22
156432  156315  4.21    128.33
156435  156428  0.00    4.01
156451  156519  13.60   76.37
156451  156435  11.33   27.65
156453  156463  0.00    20.05
156453  156649  6.50    110.73
156456  156521  7.25    77.35
156456  156343  0.00    47.25
156461  156342  0.00    49.23
156461  156404  3.00    79.97
156463  156535  5.11    74.54
156469  156147  9.67    135.31
156470  156359  1.00    47.82
156470  156580  5.13    110.64
156473  156549  15.00   57.29
156473  156518  0.00    17.12
156473  156150  12.17   116.23
156478  156200  6.75    118.49
156478  156519  0.00    21.36
156483  156715  8.80    87.43
156499  156384  3.00    54.05
156499  156365  13.00   103.09
156500  156380  3.00    50.97
156501  156406  0.00    78.71
156502  156372  0.00    75.85
156505  156622  8.50    75.45
156506  156594  0.00    70.48
156517  156571  1.50    21.10
156518  156752  0.00    104.63
156521  156589  3.00    77.35
156524  156461  10.86   113.06
156525  156406  0.00    47.54
156529  156666  0.00    76.29
156535  156693  7.63    77.06
156539  156525  14.33   5.92
156544  156409  1.00    51.09
156544  156608  6.75    61.95
156549  156337  10.00   81.66
156549  156500  8.63    120.91
156553  156575  7.00    92.31
156553  156220  6.36    129.54
156555  156142  11.00   149.89
156555  156585  20.00   34.12
156563  156500  10.00   21.24
156563  156489  15.00   61.75
156569  156401  6.92    105.82
156569  156539  3.00    41.58
156571  156594  0.00    105.27
156571  156797  4.40    115.32
156575  156524  14.33   112.92
156575  156360  3.75    91.43
156580  156680  3.00    110.50
156585  156741  7.00    65.86
156588  156658  11.50   32.34
156588  156405  3.00    79.61
156589  156591  0.00    3.24
156591  156461  0.00    48.07
156594  156669  0.00    28.61
156605  156369  3.76    99.82
156607  156588  0.00    23.99
156607  156244  3.71    134.77
156608  156685  1.00    81.95
156608  156470  14.33   50.44
156622  156693  2.33    74.67
156623  156501  17.27   78.74
156623  156499  2.60    48.23
156630  156330  5.60    110.10
156637  156308  3.93    118.19
156638  156539  0.00    35.59
156649  156810  7.36    70.83
156649  156569  3.00    98.13
156657  156591  3.00    22.48
156658  156863  4.67    89.23
156664  156519  10.50   63.50
156664  156700  0.00    16.09
156664  156478  14.50   69.54
156666  156502  0.00    75.80
156674  156657  0.00    6.67
156674  156734  20.00   116.75
156680  156589  8.33    82.19
156684  156950  5.80    127.06
156685  156738  1.00    81.86
156692  156463  6.00    85.01
156693  156857  4.50    76.55
156693  156958  7.25    130.41
156694  156771  10.75   84.32
156694  156505  7.50    91.27
156699  156637  4.50    74.77
156700  156619  5.62    114.07
156700  156758  10.88   29.02
156707  156435  4.82    102.72
156708  156911  7.63    114.18
156712  156767  3.00    81.26
156712  156608  0.00    44.20
156714  156377  7.29    141.53
156715  157030  21.00   122.37
156715  156886  5.33    99.00
156719  156517  6.50    146.89
156720  156563  20.33   81.41
156720  156617  5.46    130.19
156724  156623  9.20    51.81
156724  156525  4.36    146.92
156731  156715  3.00    51.84
156731  156939  3.00    78.15
156734  156844  11.50   103.59
156736  156637  5.19    47.82
156736  156553  3.83    137.03
156738  156680  10.50   76.32
156741  156731  4.67    36.56
156741  157110  6.73    138.80
156751  156774  3.00    28.48
156752  156861  0.00    42.54
156757  156763  0.00    34.33
156757  156553  9.83    83.03
156758  156841  6.50    32.55
156758  156469  7.00    135.19
156760  156544  2.00    101.00
156760  156712  1.00    23.52
156763  157003  3.75    115.27
156767  156868  0.00    81.80
156771  156857  14.33   83.90
156774  156816  6.25    54.62
156776  156752  0.00    22.78
156776  156570  0.00    97.12
156796  156724  8.00    36.96
156796  156638  6.90    144.37
156797  156971  6.56    62.88
156797  156873  30.25   84.61
156798  156720  11.00   101.62
156805  156699  3.00    75.58
156808  156720  50.00   79.06
156810  156977  4.56    97.39
156810  156870  5.00    28.46
156813  156909  0.00    92.08
156816  156841  14.33   35.96
156826  156736  2.33    33.07
156827  156575  3.00    102.74
156827  156757  6.33    99.05
156829  156796  0.00    9.01
156833  156714  11.69   118.55
156841  157063  18.63   107.77
156844  156827  0.00    15.93
156857  157167  5.80    136.21
156858  156934  0.00    45.83
156858  156813  0.00    46.19
156863  157063  15.67   88.55
156868  156738  0.00    49.62
156870  156972  0.00    46.50
156870  156910  5.33    54.93
156873  156942  12.55   84.75
156874  156605  6.92    125.55
156878  156826  2.00    18.87
156888  156776  0.00    40.36
156897  156934  11.50   33.37
156897  156813  0.00    42.61
156899  156938  7.00    61.34
156910  156958  4.75    89.04
156910  156692  6.88    85.07
156911  156630  10.33   110.09
156911  156965  8.25    61.93
156917  156897  0.00    49.03
156917  157125  6.50    92.82
156925  156658  0.00    124.13
156925  156607  9.13    121.51
156927  156674  3.00    138.23
156927  157082  2.57    74.46
156933  156798  12.29   102.70
156934  156974  3.00    25.23
156938  156734  0.00    74.15
156938  156844  7.00    117.84
156939  157110  4.00    76.65
156942  157001  3.43    68.24
156950  157230  0.00    127.62
156951  156829  2.50    55.46
156954  156858  2.00    59.41
156954  156933  1.00    102.72
156956  156763  0.00    71.40
156958  157198  5.75    92.08
156962  156927  1.67    31.55
156965  156707  15.00   102.66
156967  156878  6.61    107.82
156967  157121  20.00   63.07
156971  157193  5.96    117.17
156974  157151  50.00   104.76
156974  157117  0.00    59.84
156977  157037  3.83    34.49
156977  157033  0.00    22.71
156982  156956  1.00    64.03
156999  157001  7.25    65.68
156999  156942  11.00   24.58
157001  157079  9.00    92.10
157003  156826  0.00    80.59
157007  156829  13.83   144.24
157009  156868  15.00   83.89
157009  156760  2.33    134.59
157011  157107  0.00    107.83
157011  156899  8.25    48.20
157019  157087  0.00    26.62
157019  157009  0.00    6.72
157019  157139  0.00    80.14
157026  156962  10.00   48.27
157028  156833  6.35    121.07
157033  156951  8.24    124.61
157037  157039  10.50   21.49
157037  157126  7.00    97.91
157039  157033  7.67    16.86
157063  157226  10.33   77.93
157067  157292  0.00    103.78
157067  156951  7.81    85.37
157073  157133  3.00    77.31
157075  156999  20.00   81.30
157079  157028  11.50   22.01
157082  156899  5.17    128.66
157082  157107  1.00    11.90
157087  157026  8.00    44.42
157089  157030  11.50   36.45
157094  157194  2.00    75.11
157094  157342  11.50   113.66
157094  157087  0.00    5.20
157103  156954  0.00    86.52
157106  157028  11.67   30.43
157106  157079  3.00    21.82
157110  157297  6.38    85.22
157115  156965  0.00    57.66
157115  156967  10.75   148.56
157117  157288  9.40    69.48
157121  156878  5.03    118.42
157125  157288  0.00    91.07
157126  157198  20.00   97.51
157127  156956  18.67   64.18
157133  157232  0.00    107.86
157133  157011  2.33    50.78
157136  156816  20.00   121.77
157136  157153  4.40    46.61
157139  156874  8.56    125.68
157145  157082  3.00    36.74
157145  156962  5.50    83.06
157151  157314  0.00    104.17
157153  157201  5.92    65.20
157153  156774  9.86    141.80
157155  157190  3.00    16.49
157158  157073  3.00    79.96
157163  156925  9.40    94.55
157167  157394  10.00   132.76
157189  157127  20.00   60.64
157189  156982  0.00    77.79
157190  157174  0.00    28.63
157190  157576  8.17    135.81
157193  157318  6.48    114.40
157194  157139  0.00    21.04
157198  157307  3.00    56.74
157199  157431  2.00    83.89
157201  157267  12.75   79.65
157201  157115  0.00    32.38
157208  157127  15.00   30.21
157208  157003  2.00    93.62
157220  157103  0.00    85.92
157220  157067  3.83    121.22
157226  157422  6.50    78.15
157230  157606  0.00    129.94
157231  157117  7.67    80.03
157232  157107  7.25    50.92
157237  157263  0.00    8.99
157237  157136  4.00    67.98
157238  157145  0.00    48.89
157238  157026  11.50   95.86
157244  157294  5.24    125.20
157254  157158  7.00    110.56
157254  157133  2.00    49.33
157255  156971  8.13    115.83
157255  157075  10.00   85.42
157256  157244  10.93   124.37
157256  157340  9.15    105.78
157263  157523  6.50    100.00
157263  157264  3.00    6.96
157264  157237  0.00    11.72
157267  157326  2.50    24.85
157267  157121  4.58    115.17
157273  157208  0.00    33.84
157274  157039  5.11    139.60
157277  157263  3.00    77.30
157282  157189  4.25    108.57
157282  157158  9.00    50.36
157288  157451  0.00    59.44
157294  157255  3.00    18.24
157296  157155  16.70   66.97
157297  157460  14.33   63.76
157297  157266  8.36    148.97
157300  157238  3.00    32.59
157307  157322  0.00    16.03
157314  157231  1.00    79.26
157314  157492  0.00    107.38
157318  157670  9.00    120.58
157322  157274  8.00    83.71
157322  157406  2.00    31.26
157323  157232  7.00    105.55
157323  157300  3.00    7.21
157326  157454  4.83    101.98
157327  157264  3.00    28.58
157330  157608  7.80    142.64
157337  157106  9.58    96.44
157340  157607  4.86    109.53
157342  157300  3.00    20.00
157353  157254  11.00   106.85
157353  157232  1.00    48.14
157367  157294  4.71    117.36
157371  157642  20.00   83.31
157378  157594  10.00   84.49
157382  157282  5.33    110.01
157382  157254  20.00   50.43
157383  157267  5.01    108.32
157383  157277  12.22   79.27
157384  157220  0.00    113.42
157394  157307  0.00    34.33
157394  157406  0.00    41.27
157404  157296  5.50    61.76
157406  157501  0.00    28.20
157406  157433  7.00    61.28
157410  157256  2.33    87.22
157416  157273  14.08   132.59
157416  157282  0.00    49.55
157422  157163  12.50   94.33
157422  157596  2.00    65.68
157431  157679  3.00    83.58
157433  157584  20.00   112.44
157433  157274  0.00    55.25
157436  157273  2.97    57.59
157451  157538  35.00   28.68
157451  157354  10.00   65.10
157454  157579  8.73    101.60
157456  157323  2.00    48.02
157456  157353  3.00    105.06
157462  157451  4.50    102.84
157467  157342  14.33   54.72
157472  157256  4.36    82.40
157479  157556  3.00    26.38
157479  157462  6.67    103.11
157486  157337  7.08    92.15
157486  157394  0.00    28.94
157491  157560  8.86    109.38
157492  157662  3.00    107.18
157495  157545  0.00    21.48
157495  157486  0.00    19.08
157498  157767  5.27    101.43
157498  157327  14.21   90.61
157501  157502  0.00    18.03
157501  157548  20.00   19.32
157502  157495  0.00    15.39
157508  157353  3.00    50.12
157508  157382  5.50    106.88
157523  157383  5.41    104.16
157538  157706  1.00    62.35
157540  157416  6.40    110.83
157540  157382  10.00   51.41
157544  157467  6.50    23.73
157544  157456  10.00   76.07
157545  157779  13.25   96.81
157545  157486  2.00    20.31
157547  157707  4.94    95.37
157548  157502  0.00    18.16
157553  157616  6.73    80.23
157553  157326  4.88    73.76
157553  157547  8.33    66.58
157554  157841  3.00    105.75
157556  157702  6.78    57.25
157560  157410  6.40    86.44
157565  157467  8.67    43.33
157576  157915  3.00    134.08
157578  157436  1.00    125.85
157578  157416  2.00    54.46
157579  157697  20.00   50.03
157579  157688  0.00    57.33
157580  157384  0.00    113.29
157584  157580  0.00    111.60
157585  157501  7.25    104.74
157586  157436  1.89    50.64
157594  157694  0.00    81.40
157596  157498  6.73    81.20
157596  157679  3.00    31.21
157597  157194  8.24    145.12
157597  157614  10.40   49.28
157598  157597  0.00    5.31
157601  157598  0.00    8.46
157602  157523  2.60    43.85
157605  157456  6.00    48.85
157605  157508  9.50    104.62
157606  158006  20.00   142.13
157606  157601  0.00    4.25
157607  157853  0.00    90.11
157608  157586  0.00    7.70
157614  157544  10.33   22.49
157616  157697  3.43    80.64
157619  157607  11.00   146.70
157622  157296  1.00    107.59
157623  157404  8.80    69.12
157623  157606  20.00   35.73
157624  157556  2.33    88.73
157627  157327  9.80    108.63
157630  157818  11.50   135.59
157630  157548  0.00    28.36
157642  157825  12.33   82.27
157644  157619  0.00    7.82
157644  157753  8.67    82.27
157656  157508  0.00    53.62
157656  157540  3.70    107.58
157662  157711  20.00   105.74
157666  157479  19.00   115.47
157670  157793  6.05    63.18
157671  157367  5.07    122.84
157679  157825  7.14    63.36
157686  157578  0.00    112.51
157686  157540  3.00    53.84
157687  157614  11.00   27.27
157687  157605  11.88   92.12
157688  157912  0.00    85.47
157688  157602  0.00    31.99
157693  157472  4.33    82.57
157693  157644  1.00    54.33
157694  157608  5.75    39.54
157697  157973  3.54    106.61
157698  158046  4.44    127.11
157698  157656  3.00    57.03
157702  157861  3.06    69.29
157704  157491  11.50   111.57
157705  157694  2.00    5.53
157706  157906  0.00    71.91
157707  157816  4.22    94.22
157711  157936  16.40   78.10
157711  157585  15.75   105.52
157712  157578  0.00    51.14
157712  157586  11.00   126.62
157715  157624  11.50   89.72
157717  157693  1.00    10.70
157717  157736  3.00    69.51
157732  157698  2.00    51.19
157732  157605  3.00    53.56
157736  157786  5.33    48.12
157736  157560  9.00    70.79
157739  157404  0.00    117.88
157748  157702  3.00    80.16
157753  157853  0.00    81.30
157755  157630  3.00    52.58
157767  158027  16.63   100.03
157769  157553  4.79    132.73
157772  157547  5.85    132.16
157775  158036  1.00    121.97
157775  157666  1.00    68.20
157778  157686  8.50    106.64
157778  157656  8.67    52.59
157779  158071  20.00   98.62
157786  158041  7.80    98.27
157786  157928  11.20   119.85
157786  157704  5.33    108.60
157789  158168  7.85    132.59
157789  157732  12.40   55.01
157792  157772  0.00    23.51
157793  158088  11.20   124.80
157793  157942  3.33    56.17
157804  157715  13.00   35.95
157804  157748  24.33   80.14
157813  157686  0.00    50.80
157813  157712  3.00    112.68
157816  157705  4.35    43.40
157818  158166  11.50   140.04
157824  157670  20.00   79.59
157831  157792  2.82    130.04
157837  157717  2.25    44.49
157851  157789  6.50    51.11
157851  157687  6.40    57.32
157852  157705  3.00    140.23
157852  157712  0.00    53.16
157857  157816  9.00    12.71
157861  157901  2.00    21.00
157861  157978  0.00    53.21
157864  157775  11.50   67.47
157864  158072  21.63   80.32
157882  157602  4.93    112.60
157882  157627  7.40    108.17
157883  157736  8.00    128.52
157883  157837  4.00    16.59
157915  157622  2.00    107.58
157920  157623  10.00   106.83
157925  157755  0.00    64.53
157927  157804  1.00    40.77
157928  157671  8.67    122.21
157932  157778  3.00    54.23
157932  157813  7.33    105.58
157946  157857  4.67    81.05
157972  157852  4.67    111.92
157972  157813  3.00    52.71
157978  157666  15.00   139.92
157990  157837  4.67    105.86
157995  157852  0.00    50.32
157997  157831  6.23    131.08
157997  157857  2.14    45.65
158002  157597  6.82    141.39
158007  157824  3.00    79.53
158008  157792  10.75   140.28
158010  157925  9.13    117.79
158014  157772  3.00    90.91
158033  157853  11.50   62.16
158038  157755  13.67   96.05
158039  157769  6.56    133.66
158065  157851  8.39    79.51
158067  157864  11.50   104.40
158089  157739  2.00    118.07
158100  157732  12.29   129.99
152365  152805  7.75    94.87
152438  152838  6.15    83.99
152473  152813  6.50    79.38
152508  152965  9.00    133.97
152530  152813  6.80    105.17
152540  152805  7.83    63.37
152579  152819  3.00    81.46
152579  153271  13.25   147.99
152589  152862  6.71    89.69
152608  152897  0.00    99.47
152613  152946  3.00    128.97
152659  153078  14.00   104.09
152663  152915  8.13    102.05
152783  152530  3.00    75.82
152805  152900  5.50    54.28
152810  152512  5.86    98.86
152810  152737  9.89    122.89
152813  152953  4.00    55.48
152838  152900  2.00    12.71
152845  153287  1.77    103.22
152856  153127  8.67    81.10
152856  152694  9.00    46.54
152862  152617  4.17    104.32
152864  153311  9.92    123.60
152870  152462  0.00    97.16
152896  153081  8.67    89.83
152896  153174  4.50    80.02
152897  153335  1.50    103.46
152900  153066  2.20    38.79
152903  152736  13.25   129.26
152903  152946  0.00    31.31
152913  152895  10.33   11.53
152915  153171  4.56    109.76
152946  153168  20.00   75.16
152946  153309  6.75    83.61
152953  153033  0.00    36.31
152957  152989  2.33    48.92
152962  152656  8.80    77.40
152965  153025  1.00    38.15
152965  153394  6.00    92.45
152974  153360  6.11    81.86
152974  152913  40.00   64.45
152989  153018  7.10    102.70
152989  152753  5.43    57.04
152991  153163  4.09    103.93
152995  152523  12.60   115.51
152998  152737  9.33    91.90
153000  152613  3.00    82.27
153018  152991  8.73    102.62
153025  152663  3.71    86.59
153029  152810  1.91    82.25
153033  153078  14.33   75.64
153033  152870  20.00   38.93
153033  153701  7.40    143.46
153038  152896  2.50    50.96
153038  153424  3.38    106.93
153049  153416  9.20    77.86
153049  152974  4.89    66.08
153055  152862  3.13    86.57
153058  153444  4.00    113.11
153058  152856  2.89    56.16
153066  153475  5.50    88.72
153073  152783  3.00    77.16
153078  153643  5.33    122.60
153081  153464  0.00    94.01
153096  153058  3.00    11.91
153097  153049  0.00    34.80
153097  152757  4.75    72.98
153102  152838  13.93   139.75
153102  153362  11.50   55.01
153143  152957  3.00    55.05
153155  152535  7.83    132.50
153155  153271  8.13    60.25
153163  153055  6.00    119.45
153168  153417  7.67    75.96
153170  153546  8.20    79.43
153170  153066  8.00    51.84
153171  153210  6.36    75.95
153171  152987  0.00    66.74
153174  153464  2.00    79.86
153185  153143  2.33    13.99
153185  153648  6.89    128.19
153210  153285  6.04    76.27
153214  153073  5.33    41.45
153214  153038  2.00    50.82
153244  153055  3.71    87.12
153244  152998  8.20    91.89
153255  153170  5.50    51.15
153255  153596  11.50   71.52
153258  153029  1.31    82.31
153260  153143  0.00    70.82
153271  153369  7.00    39.55
153285  153311  8.67    10.02
153295  153376  4.75    54.21
153295  152821  4.10    130.12
153309  153102  6.00    110.69
153311  153454  7.80    83.64
153312  153675  6.88    111.87
153312  153096  4.92    70.83
153327  153295  11.18   61.94
153339  153163  51.50   76.48
153343  152915  10.64   91.97
153345  153025  5.43    85.41
153360  153735  22.67   81.86
153362  153658  5.50    65.06
153362  153255  8.67    52.84
153375  153444  1.00    76.94
153376  153428  6.36    30.96
153380  153000  3.00    81.62
153380  153155  9.50    79.91
153385  153339  8.25    112.09
153390  153244  4.80    74.88
153390  153615  8.69    104.62
153394  153669  3.00    67.73
153394  153185  1.00    69.82
153399  153390  3.00    4.55
153416  153773  5.80    77.86
153417  153309  3.00    52.67
153422  153594  4.65    103.39
153423  153312  5.83    43.14
153424  153797  7.45    106.97
153427  153327  8.67    55.01
153428  153688  7.67    104.11
153428  153423  8.67    33.34
153435  153385  5.00    69.88
153435  152989  5.33    107.46
153444  153621  11.20   52.52
153444  153675  6.40    78.68
153463  153417  10.00   24.96
153463  153380  11.00   41.97
153464  153701  10.80   74.05
153475  153541  8.00    14.08
153476  153537  2.00    118.98
153497  153463  8.67    82.50
153537  153285  10.22   108.42
153546  153475  4.43    56.32
153594  153339  10.75   80.61
153596  153546  20.00   46.70
153614  153463  0.00    62.84
153614  153362  6.14    133.56
153615  153422  15.00   103.66
153621  153762  8.67    39.06
153621  153853  5.33    78.61
153633  153375  10.00   77.95
153643  153541  8.67    60.27
153644  153214  7.40    120.74
153648  154089  7.83    130.05
153649  153343  5.38    67.17
153658  153596  11.00   56.10
153669  153345  8.80    85.84
153670  153658  0.00    9.22
153675  153853  10.00   53.14
153682  153630  7.13    18.32
153684  153435  3.00    62.07
153688  154043  7.80    106.67
153697  153541  7.33    37.12
153700  153556  6.78    68.67
153700  153823  8.07    148.71
153701  153643  6.69    80.15
153723  153684  0.00    19.39
153727  153987  9.48    62.80
153735  153728  6.00    15.89
153745  153783  7.86    82.11
153747  153614  1.00    54.51
153747  153670  9.63    67.80
153749  153682  10.17   29.77
153758  153906  6.93    52.88
153762  153941  3.00    58.54
153773  153735  4.21    69.18
153783  153773  11.27   65.79
153783  153192  4.50    124.99
153788  153385  6.44    99.68
153788  153844  4.15    75.14
153797  154012  2.50    74.10
153801  153994  10.22   128.96
153801  153669  11.78   118.92
153844  154053  20.00   77.29
153853  153903  0.00    15.69
153857  153962  9.00    65.02
153857  153697  8.67    40.31
153865  153967  5.19    96.70
153866  153376  0.00    120.27
153866  153749  6.59    85.31
153870  153684  10.29   50.71
153881  153866  3.00    12.98
153883  153670  0.00    51.91
153883  154084  20.00   50.73
153884  154100  16.67   83.60
153884  153649  6.46    72.21
153886  153758  3.00    76.27
153890  153857  3.00    10.27
153898  153908  0.00    7.35
153898  153865  4.15    96.83
153903  154035  24.33   44.97
153906  153881  5.15    12.36
153919  153898  6.75    10.19
153919  153594  7.95    102.76
153928  153939  6.50    105.93
153928  153537  7.92    132.57
153939  153700  8.58    114.12
153941  154039  50.00   32.93
153941  153769  7.25    58.05
153960  153952  0.00    4.47
153962  154012  2.00    49.60
153962  154460  13.83   134.38
153967  153606  3.24    87.19
153987  153796  8.48    131.99
153987  154272  6.65    75.40
153994  153884  4.64    36.65
154012  154460  2.71    135.00
154017  154264  5.20    85.08
154017  153886  5.50    76.29
154022  153870  20.00   57.43
154035  154359  14.57   106.05
154035  153762  20.00   91.78
154036  153797  6.00    60.65
154039  154042  5.35    140.91
154042  154036  11.00   12.50
154042  153644  15.75   120.86
154043  154050  0.00    7.47
154048  153960  10.43   60.46
154050  154017  11.50   18.22
154053  154092  0.00    10.27
154053  153919  6.50    77.87
154056  153870  8.67    49.83
154081  154479  5.57    146.44
154081  153801  8.33    76.55
154084  154257  0.00    48.89
154089  154022  0.00    41.64
154096  153890  5.62    51.59
154100  153928  3.00    59.04
154112  154056  0.00    33.62
154112  154022  0.00    45.95
154112  154254  0.00    43.86
154119  153749  7.09    97.43
154127  154043  3.00    31.43
154141  154455  5.80    90.59
154141  154048  14.82   54.02
154152  154387  6.50    81.16
154152  153881  8.14    69.07
154176  153788  5.33    115.93
154189  153986  7.88    109.94
154190  154056  0.00    42.58
154200  154194  0.00    8.83
154230  154036  11.50   52.28
154254  154190  0.00    31.39
154254  154366  11.50   31.00
154261  154083  10.00   49.44
154264  153906  5.41    146.15
154265  154285  11.30   86.56
154265  153908  6.15    117.65
154271  154189  10.25   127.03
154271  153939  7.24    115.64
154272  154548  3.00    74.62
154273  154039  9.18    132.67
154283  154152  0.00    34.36
154283  154387  0.00    60.14
154285  154569  6.60    90.92
154295  154273  5.55    35.12
154300  154190  1.00    32.97
154301  154200  8.67    101.22
154334  153967  3.65    108.26
154344  154590  4.67    70.05
154348  154048  9.13    85.49
154359  154522  6.00    102.45
154366  154300  0.00    32.02
154366  154482  0.00    37.36
154387  154529  8.67    85.66
154422  154271  11.33   52.24
154432  154422  7.67    109.15
154432  154100  10.60   114.03
154433  153994  7.56    149.04
154433  154432  8.33    118.31
154442  154300  0.00    41.18
154448  154412  0.00    12.80
154455  154751  4.25    89.70
154460  154542  0.00    25.84
154465  154442  0.00    8.68
154465  154528  11.50   32.51
154479  154574  11.50   87.61
154479  154609  3.38    84.74
154482  154528  0.00    11.12
154483  154141  7.75    98.03
154495  154119  4.86    98.15
154495  154520  6.88    57.59
154500  154264  4.55    140.68
154506  154295  4.67    55.35
154515  154598  3.00    76.88
154520  154283  3.00    59.89
154520  154746  5.44    131.76
154522  154506  10.60   100.91
154529  154661  13.25   85.66
154532  154265  7.24    78.15
154535  154380  8.40    75.00
154542  154096  5.63    127.56
154548  154772  11.29   67.53
154550  154433  5.75    39.02
154550  154742  3.00    81.51
154568  154448  3.00    44.30
154569  154576  0.00    3.17
154569  154176  3.00    115.93
154574  154550  3.00    8.94
154576  154718  10.50   89.54
154576  154887  8.67    90.02
154577  154790  7.73    69.14
154590  154515  7.57    76.84
154590  154813  0.00    65.55
154596  154542  3.00    19.80
154605  154495  3.00    27.89
154605  154750  11.38   53.84
154609  154089  6.80    146.68
154611  154301  10.30   79.59
154624  154751  8.78    53.65
154624  154348  10.75   84.66
154628  154189  6.43    148.10
154632  154500  4.42    81.12
154638  154706  0.00    17.91
154647  154535  3.00    60.02
154651  154590  0.00    46.92
154661  154782  5.50    70.39
154670  154811  10.88   60.55
154670  154596  2.90    30.24
154681  154334  3.75    108.05
154683  154651  8.67    106.95
154706  154831  0.00    33.00
154718  154847  10.25   89.54
154719  154422  8.56    102.32
154719  154628  3.75    143.07
154732  154506  6.00    62.89
154742  154934  5.33    92.45
154746  154774  11.00   85.50
154746  154849  0.00    33.54
154749  154670  7.40    22.25
154749  154295  7.71    149.85
154750  154849  5.80    147.96
154750  155005  4.92    94.55
154751  154810  9.00    65.67
154761  154574  6.78    77.16
154765  154568  2.67    61.63
154772  154766  10.00   11.39
154774  154661  6.50    29.29
154782  154500  4.67    77.95
154783  154532  4.22    78.23
154783  155084  8.92    92.45
154787  154907  8.86    63.94
154787  154749  10.00   13.50
154790  154624  3.00    54.92
154790  154965  9.80    106.70
154790  155131  3.60    105.74
154806  154632  5.85    81.61
154806  154732  8.57    141.80
154808  154535  11.50   80.09
154810  154548  7.36    148.75
154810  154483  20.00   97.35
154811  154683  7.83    106.99
154811  154881  5.50    126.88
154817  154774  0.00    14.59
154827  154872  2.33    88.12
154830  155154  25.90   116.01
154831  155111  8.80    101.76
154831  154568  9.78    137.26
154839  154765  18.67   44.24
154839  155253  6.89    130.47
154847  154609  8.67    76.56
154847  155118  7.80    88.32
154849  154946  3.00    30.10
154849  154817  0.00    74.09
154852  154605  6.00    71.62
154854  154577  6.95    86.09
154859  155031  8.25    77.22
154872  154611  14.33   79.56
154872  154894  3.00    15.40
154878  154647  6.14    118.35
154881  154651  9.57    125.60
154882  154761  9.06    76.40
154882  154859  15.00   75.02
154887  154783  7.33    75.77
154891  154782  3.00    39.14
154894  155001  3.00    30.66
154907  155219  11.44   142.85
154907  155110  11.50   62.87
154911  154817  0.00    35.57
154911  154944  6.85    42.92
154921  154839  0.00    52.77
154934  154719  8.47    80.94
154944  155119  7.00    91.13
154944  155020  11.64   79.16
154945  154772  10.33   106.79
154946  154911  7.25    57.80
154962  154806  4.23    85.26
154962  154732  5.33    106.65
154965  154945  8.46    104.77
154969  154706  0.00    109.94
154979  154891  8.50    82.14
155001  155088  2.33    28.25
155001  155100  6.11    64.07
155005  155170  7.25    67.10
155005  154946  7.00    90.35
155009  154681  7.37    108.05
155012  155198  13.00   139.33
155016  155054  8.00    53.67
155020  154891  3.00    39.08
155031  154742  3.43    115.74
155032  154921  5.14    56.39
155041  154887  9.86    100.24
155054  155088  7.67    59.59
155054  155336  8.33    92.85
155058  154647  3.00    123.75
155058  154987  6.94    147.80
155078  154962  6.47    45.86
155084  155009  8.37    78.00
155088  155408  3.50    100.44
155100  155492  4.76    117.10
155100  154765  5.18    111.37
155100  155253  3.00    63.28
155105  155317  7.00    104.83
155107  155058  3.43    114.15
155110  155359  9.36    122.48
155110  155582  8.21    148.23
155111  155438  5.60    103.11
155118  154882  5.83    82.89
155119  155170  5.50    88.07
155131  155173  8.83    104.82
155138  155131  7.20    67.82
155138  154854  6.77    86.95
155149  155416  5.69    81.48
155149  155031  0.00    94.14
155154  154981  2.00    82.16
155154  155317  50.00   60.34
155158  154878  6.33    120.24
155158  155107  6.73    114.15
155166  154852  0.00    106.73
155167  154921  2.00    76.28
155169  154787  5.26    127.51
155170  155635  9.36    142.99
155170  155326  33.67   72.23
155173  155198  5.33    61.29
155173  155376  9.88    62.37
155174  155041  10.13   100.25
155174  155118  6.00    20.39
155175  154979  3.00    84.92
155195  155078  5.46    42.90
155206  155149  3.89    121.94
155206  155174  20.00   9.37
155209  154852  8.30    125.50
155209  155245  10.24   94.14
155219  155238  0.00    12.59
155223  155175  9.22    100.30
155223  155020  3.00    66.43
155233  155084  10.50   108.82
155245  155256  0.00    26.56
155253  155594  8.13    105.08
155253  155424  3.00    64.31
155263  155009  5.77    111.72
155278  155223  6.73    93.31
155286  154934  11.80   118.60
155286  155323  5.36    81.22
155289  155032  0.00    81.42
155304  155556  2.17    106.84
155304  155286  6.96    72.99
155307  154969  0.00    113.42
155308  155138  6.92    56.81
155310  155182  3.75    78.81
155311  155009  3.52    114.44
155317  155411  1.00    31.01
155321  155426  4.08    125.22
155322  155304  3.90    30.39
155322  155158  3.78    69.64
155323  155416  5.13    81.71
155326  155278  10.00   93.31
155326  155344  0.00    8.25
155336  155639  5.17    92.86
155337  155308  0.00    76.57
155344  155759  8.33    130.83
155344  155500  7.25    68.41
155348  155310  10.00   20.28
155353  155078  6.93    129.74
155353  155175  9.20    55.15
155358  155310  4.67    102.94
155359  155392  1.00    13.29
155373  155348  3.00    14.48
155376  155572  5.33    57.40
155376  155337  10.00   76.59
155386  155206  7.64    66.94
155386  155233  6.85    108.71
155400  155373  0.00    14.16
155403  155771  10.00   122.01
155406  155322  3.89    81.62
155408  155716  8.13    100.37
155416  155531  3.92    87.23
155419  155376  8.71    87.07
155424  155565  3.00    55.11
155424  155167  0.00    76.25
155426  155406  6.82    124.95
155429  155353  4.25    117.54
155438  155693  6.75    101.33
155446  155403  4.43    61.22
155446  155681  5.50    82.25
155452  155400  5.60    15.57
155467  155419  9.43    87.07
155478  155238  8.80    103.78
155480  155800  3.88    116.58
155480  155032  3.00    138.84
155491  155446  9.55    40.80
155491  155732  11.00   83.29
155492  155839  9.75    117.08
155500  155517  3.00    8.02
155500  155429  6.50    117.54
155505  155400  11.50   36.50
155505  155848  5.13    136.51
155511  155209  10.60   103.07
155511  155514  0.00    25.40
155514  155732  11.50   113.81
155514  155491  10.00   34.56
155517  155614  7.94    116.45
155517  155816  6.40    96.14
155525  155480  0.00    35.37
155525  155685  4.75    66.85
155531  155586  3.95    86.72
155535  155308  8.60    64.81
155535  155572  8.82    129.35
155540  155535  9.20    9.87
155540  155263  4.24    111.90
155545  155452  3.27    36.54
155546  155311  5.16    111.25
155546  155772  5.95    80.96
155553  155351  5.90    127.69
155553  155353  6.50    56.26
155555  155505  8.00    44.80
155556  155789  12.00   107.48
155559  155525  9.80    31.80
155559  155289  0.00    81.38
155565  155685  3.00    43.96
155565  155559  10.00   8.66
155572  155710  5.50    48.39
155572  155598  6.50    86.11
155575  155590  0.00    12.25
155582  155567  0.00    26.95
155586  155588  0.00    10.14
155588  155546  8.98    85.03
155588  155386  5.69    67.52
155589  155406  7.00    129.60
155594  155913  6.40    105.00
155598  155628  2.14    86.11
155603  155553  3.63    114.39
155612  155582  5.40    62.75
155612  155629  37.14   127.15
155612  155440  5.74    57.68
155613  155663  8.00    76.90
155614  155603  10.00   15.46
155629  155603  5.00    127.15
155635  155511  11.20   50.03
155639  155545  8.33    45.97
155663  155706  3.58    76.90
155675  155478  10.75   103.83
155675  155307  0.00    114.11
155681  155835  4.67    49.22
155682  155639  3.75    34.79
155682  156142  9.83    149.88
155685  155926  3.00    90.46
155693  155675  0.00    10.69
155693  155865  3.00    55.24
155698  155392  5.88    144.80
155698  155963  5.80    87.51
155706  155780  6.65    120.55
155706  155942  18.67   75.59
155716  155682  3.00    25.97
155724  155612  4.13    39.70
155731  155724  4.25    142.41
155732  155681  8.33    76.25
155732  155947  0.00    67.64
155740  155992  14.57   87.38
155741  155614  0.00    43.61
155741  155731  7.80    142.54
155741  155954  5.70    145.73
155741  155859  3.00    39.51
155752  155774  3.00    8.02
155759  155829  8.67    34.37
155761  155928  12.33   66.53
155765  155716  3.00    27.10
155767  155707  8.32    104.67
155767  155724  2.00    14.37
155769  155540  9.83    110.29
155771  155835  6.43    47.69
155772  156008  8.32    80.83
155774  155923  3.00    48.53
155780  155980  5.56    142.84
155780  156123  7.46    111.75
155786  155590  8.14    100.58
155789  156103  23.38   110.39
155800  155740  0.00    82.68
155800  156147  13.50   135.13
155815  155774  3.00    49.82
155817  155769  14.33   17.71
155829  155635  8.50    67.41
155829  155947  4.75    109.82
155835  155910  7.75    70.99
155838  155817  6.67    30.33
155839  155765  3.00    37.32
155839  156244  2.75    134.81
155843  156064  12.33   106.77
155855  155424  8.57    142.23
155859  155905  3.00    14.14
155859  155872  3.00    108.30
155865  155881  1.00    13.50
155866  155761  20.00   110.67
155870  156067  50.00   86.37
155870  156066  17.20   82.80
155872  155870  3.00    108.29
155877  155889  0.00    11.58
155881  155698  2.00    96.09
155894  155752  3.00    49.46
155900  155545  11.08   126.14
155900  156014  8.00    76.52
155905  156059  4.17    54.42
155905  155989  6.67    85.88
155910  155947  12.20   31.68
155910  156212  2.00    103.05
155913  155839  5.43    51.86
155913  156266  4.67    117.36
155923  156052  4.44    97.91
155923  156152  17.00   75.37
155926  156006  3.00    32.11
155926  155855  0.00    32.49
155942  156168  5.13    75.59
155944  155767  4.23    65.12
155954  156059  5.33    99.00
155954  156046  1.00    68.44
155963  155981  0.00    7.96
155963  156178  11.00   77.51
155980  156106  2.33    80.28
155980  155589  12.37   136.99
155981  155786  10.00   100.20
155981  156121  0.00    59.52
155985  155586  0.00    146.07
155989  156067  50.00   85.87
155992  156200  7.13    116.55
155996  155866  2.50    110.85
155996  156193  12.86   72.29
155999  155913  10.30   54.60
155999  155855  3.00    46.00
156006  155999  0.00    4.89
156006  156288  2.20    109.86
156008  155996  3.00    10.57
156014  156298  7.21    120.15
156019  155838  4.94    86.36
156020  155949  4.69    59.99
156039  155944  0.00    41.60
156046  156205  6.50    144.78
156046  156149  7.25    70.70
156052  156362  0.00    102.10
156059  156205  3.00    50.68
156059  156128  8.00    80.43
156064  156073  10.82   102.99
156066  156247  10.86   81.89
156067  156247  8.50    63.37
156067  156201  11.50   51.25
156070  155980  6.75    30.72
156070  156123  8.86    117.51
156073  156008  13.33   103.19
156075  155992  11.50   61.29
156103  156162  5.69    102.70
156106  156103  2.43    71.27
156106  156365  2.00    106.42
156112  156360  7.50    91.38
156112  155944  5.65    88.15
156116  156112  10.29   2.90
156121  155877  23.83   139.90
156123  156150  10.67   54.94
156123  156397  6.00    92.82
156127  156020  8.73    100.45
156128  156201  3.00    80.44
156142  156555  11.00   149.89
156147  156469  9.67    135.31
156149  156212  8.17    46.52
156150  156473  12.17   116.23
156150  156168  8.86    56.62
156152  156380  14.33   75.38
156162  156227  6.00    94.94
156162  156296  3.43    76.45
156168  156337  5.80    55.27
156176  156316  0.00    91.63
156178  156399  4.88    77.74
156183  155765  6.00    144.14
156193  156127  6.80    64.64
156200  156478  6.75    118.49
156201  156342  8.67    51.96
156205  156273  5.40    79.32
156205  156343  6.50    49.69
156207  155900  3.00    102.42
156212  156267  3.00    18.15
156220  156553  6.36    129.54
156227  156315  3.06    95.68
156227  156401  9.50    105.76
156244  156607  3.71    134.77
156247  156264  8.80    94.22
156248  156149  8.00    96.05
156257  156121  3.00    60.15
156259  156070  5.62    81.31
156263  156014  0.00    83.28
156264  156039  8.14    94.98
156266  156290  0.00    10.48
156267  156409  3.00    52.05
156273  156342  3.00    79.32
156281  156019  6.34    90.00
156285  156020  6.59    94.07
156288  156319  0.00    11.59
156288  156266  0.00    19.40
156290  156405  20.00   41.76
156296  156346  8.00    75.08
156300  156289  0.00    9.73
156308  156637  3.93    118.19
156315  156193  5.56    114.58
156315  156432  4.21    128.33
156316  156281  5.50    11.77
156319  156405  0.00    37.39
156319  156290  0.00    16.36
156320  156039  14.36   94.70
156330  156630  5.60    110.10
156330  156300  3.00    15.33
156335  156222  5.00    81.79
156337  156549  10.00   81.66
156337  156362  2.00    60.26
156342  156461  0.00    49.23
156343  156404  11.50   79.97
156343  156248  6.43    96.04
156343  156456  0.00    47.25
156345  156281  7.56    121.75
156357  156345  9.00    16.29
156359  156470  1.00    47.82
156359  156267  3.00    92.79
156360  156575  3.75    91.43
156362  156380  3.00    52.63
156365  156499  13.00   103.09
156369  156357  11.50   19.83
156372  156502  0.00    75.85
156372  156345  0.00    8.29
156380  156500  3.00    50.97
156384  156499  3.00    54.05
156384  156259  5.60    79.12
156397  156384  7.00    9.41
156399  156330  10.00   68.43
156399  156335  2.50    80.74
156401  156569  6.92    105.82
156404  156461  3.00    79.97
156405  156588  3.00    79.61
156406  156501  0.00    78.71
156406  156525  0.00    47.54
156409  156369  8.41    118.47
156409  156544  1.00    51.09
156411  156315  6.33    65.83
156428  156435  0.00    4.01
156432  156127  11.63   133.84
156435  156707  4.82    102.72
156435  156451  11.33   27.65
156453  156411  3.00    30.83
156456  156359  6.90    127.42
156461  156524  10.86   113.06
156461  156591  0.00    48.07
156463  156411  9.00    21.50
156463  156692  6.00    85.01
156463  156453  0.00    20.05
156469  156758  7.00    135.19
156470  156409  11.50   74.62
156470  156608  14.33   50.44
156473  156397  5.60    61.27
156478  156664  14.50   69.54
156483  156207  4.29    102.36
156483  156263  10.00   83.26
156489  156563  15.00   61.75
156499  156623  2.60    48.23
156500  156549  8.63    120.91
156500  156563  10.00   21.24
156501  156623  17.27   78.74
156502  156666  0.00    75.80
156505  156694  7.50    91.27
156505  156285  6.64    92.87
156517  156316  4.33    79.64
156517  156719  6.50    146.89
156518  156473  0.00    17.12
156519  156451  13.60   76.37
156519  156664  10.50   63.50
156519  156478  0.00    21.36
156521  156456  7.25    77.35
156524  156575  14.33   112.92
156525  156539  14.33   5.92
156525  156724  4.36    146.92
156535  156463  5.11    74.54
156539  156569  3.00    41.58
156539  156638  0.00    35.59
156544  156760  2.00    101.00
156549  156473  15.00   57.29
156553  156757  9.83    83.03
156553  156736  3.83    137.03
156563  156720  20.33   81.41
156569  156649  3.00    98.13
156570  156776  0.00    97.12
156571  156517  1.50    21.10
156575  156553  7.00    92.31
156575  156827  3.00    102.74
156575  156320  2.00    94.75
156580  156470  5.13    110.64
156585  156183  9.65    145.14
156585  156555  20.00   34.12
156588  156607  0.00    23.99
156589  156680  8.33    82.19
156589  156521  3.00    77.35
156591  156589  0.00    3.24
156591  156657  3.00    22.48
156594  156571  0.00    105.27
156594  156506  0.00    70.48
156607  156925  9.13    121.51
156608  156544  6.75    61.95
156608  156712  0.00    44.20
156617  156720  5.46    130.19
156619  156700  5.62    114.07
156622  156505  8.50    75.45
156623  156724  9.20    51.81
156630  156911  10.33   110.09
156637  156736  5.19    47.82
156637  156699  4.50    74.77
156638  156796  6.90    144.37
156649  156453  6.50    110.73
156657  156674  0.00    6.67
156658  156925  0.00    124.13
156658  156588  11.50   32.34
156666  156372  0.00    108.04
156666  156529  0.00    76.29
156669  156594  0.00    28.61
156674  156927  3.00    138.23
156680  156580  3.00    110.50
156680  156738  10.50   76.32
156685  156608  1.00    81.95
156692  156910  6.88    85.07
156693  156622  2.33    74.67
156693  156535  7.63    77.06
156699  156805  3.00    75.58
156700  156664  0.00    16.09
156707  156965  15.00   102.66
156708  156399  12.33   118.12
156712  156760  1.00    23.52
156715  156731  3.00    51.84
156715  156483  8.80    87.43
156719  156412  10.90   150.55
156720  156798  11.00   101.62
156720  156808  50.00   79.06
156724  156796  8.00    36.96
156731  156741  4.67    36.56
156734  156674  20.00   116.75
156734  156938  0.00    74.15
156736  156826  2.33    33.07
156738  156868  0.00    49.62
156738  156685  1.00    81.86
156741  156585  7.00    65.86
156752  156776  0.00    22.78
156752  156518  0.00    104.63
156757  156827  6.33    99.05
156758  156700  10.88   29.02
156760  157009  2.33    134.59
156763  156757  0.00    34.33
156763  156956  0.00    71.40
156767  156712  3.00    81.26
156774  156751  3.00    28.48
156774  157153  9.86    141.80
156776  156888  0.00    40.36
156796  156829  0.00    9.01
156797  156571  4.40    115.32
156798  156933  12.29   102.70
156810  156649  7.36    70.83
156816  156774  6.25    54.62
156816  157136  20.00   121.77
156826  157003  0.00    80.59
156826  156878  2.00    18.87
156827  156844  0.00    15.93
156829  157007  13.83   144.24
156829  156951  2.50    55.46
156841  156758  6.50    32.55
156841  156816  14.33   35.96
156844  156938  7.00    117.84
156844  156734  11.50   103.59
156857  156693  4.50    76.55
156861  156752  0.00    42.54
156863  156658  4.67    89.23
156868  157009  15.00   83.89
156868  156767  0.00    81.80
156870  156810  5.00    28.46
156873  156797  30.25   84.61
156878  157121  5.03    118.42
156878  156967  6.61    107.82
156886  156715  5.33    99.00
156899  157082  5.17    128.66
156899  157011  8.25    48.20
156910  156870  5.33    54.93
156911  156708  7.63    114.18
156925  157163  9.40    94.55
156927  156962  1.67    31.55
156933  156954  1.00    102.72
156938  156899  7.00    61.34
156939  156731  3.00    78.15
156942  156873  12.55   84.75
156942  156999  11.00   24.58
156951  157067  7.81    85.37
156951  157033  8.24    124.61
156956  157127  18.67   64.18
156956  156982  1.00    64.03
156958  156910  4.75    89.04
156958  156693  7.25    130.41
156962  157026  10.00   48.27
156962  157145  5.50    83.06
156965  156911  8.25    61.93
156965  157115  0.00    57.66
156967  157115  10.75   148.56
156971  156797  6.56    62.88
156971  157255  8.13    115.83
156972  156870  0.00    46.50
156977  156810  4.56    97.39
156982  157189  0.00    77.79
156999  157075  20.00   81.30
157001  156942  3.43    68.24
157001  156999  7.25    65.68
157003  156763  3.75    115.27
157003  157208  2.00    93.62
157009  157019  0.00    6.72
157011  157133  2.33    50.78
157026  157087  8.00    44.42
157026  157238  11.50   95.86
157030  156715  21.00   122.37
157030  157089  11.50   36.45
157033  157039  7.67    16.86
157033  156977  0.00    22.71
157037  156977  3.83    34.49
157039  157274  5.11    139.60
157039  157037  10.50   21.49
157063  156841  18.63   107.77
157063  156863  15.67   88.55
157067  157220  3.83    121.22
157073  157158  3.00    79.96
157075  157255  10.00   85.42
157079  157001  9.00    92.10
157082  157145  3.00    36.74
157082  156927  2.57    74.46
157087  157019  0.00    26.62
157087  157094  0.00    5.20
157107  157082  1.00    11.90
157107  157232  7.25    50.92
157107  157011  0.00    107.83
157110  156939  4.00    76.65
157110  156741  6.73    138.80
157115  157201  0.00    32.38
157117  157231  7.67    80.03
157117  156974  0.00    59.84
157121  157267  4.58    115.17
157121  156967  20.00   63.07
157125  156917  6.50    92.82
157126  157037  7.00    97.91
157127  157208  15.00   30.21
157127  157189  20.00   60.64
157133  157254  2.00    49.33
157133  157073  3.00    77.31
157136  157237  4.00    67.98
157139  157019  0.00    80.14
157145  157238  0.00    48.89
157153  157136  4.40    46.61
157155  157296  16.70   66.97
157158  157282  9.00    50.36
157158  157254  7.00    110.56
157163  157422  12.50   94.33
157174  157190  0.00    28.63
157189  157282  4.25    108.57
157190  157155  3.00    16.49
157193  156971  5.96    117.17
157194  157094  2.00    75.11
157198  157126  20.00   97.51
157198  156958  5.75    92.08
157201  157153  5.92    65.20
157208  157273  0.00    33.84
157226  157063  10.33   77.93
157231  157314  1.00    79.26
157232  157323  7.00    105.55
157232  157353  1.00    48.14
157232  157133  0.00    107.86
157237  157264  0.00    11.72
157238  157300  3.00    32.59
157244  157256  10.93   124.37
157254  157382  20.00   50.43
157254  157353  11.00   106.85
157255  157294  3.00    18.24
157256  157472  4.36    82.40
157256  157410  2.33    87.22
157263  157237  0.00    8.99
157263  157277  3.00    77.30
157264  157263  3.00    6.96
157264  157327  3.00    28.58
157266  157297  8.36    148.97
157267  157383  5.01    108.32
157267  157201  12.75   79.65
157273  157416  14.08   132.59
157273  157436  2.97    57.59
157274  157433  0.00    55.25
157274  157322  8.00    83.71
157277  157383  12.22   79.27
157282  157382  5.33    110.01
157282  157416  0.00    49.55
157288  157117  9.40    69.48
157288  157125  0.00    91.07
157292  157067  0.00    103.78
157294  157367  4.71    117.36
157294  157244  5.24    125.20
157296  157622  1.00    107.59
157296  157404  5.50    61.76
157297  157110  6.38    85.22
157300  157323  3.00    7.21
157300  157342  3.00    20.00
157307  157394  0.00    34.33
157307  157198  3.00    56.74
157318  157193  6.48    114.40
157322  157307  0.00    16.03
157323  157456  2.00    48.02
157326  157553  4.88    73.76
157326  157267  2.50    24.85
157327  157498  14.21   90.61
157327  157627  9.80    108.63
157340  157256  9.15    105.78
157342  157094  11.50   113.66
157342  157467  14.33   54.72
157353  157508  3.00    50.12
157353  157456  3.00    105.06
157354  157451  10.00   65.10
157367  157671  5.07    122.84
157382  157540  10.00   51.41
157382  157508  5.50    106.88
157383  157523  5.41    104.16
157404  157623  8.80    69.12
157404  157739  0.00    117.88
157406  157322  2.00    31.26
157410  157560  6.40    86.44
157416  157578  2.00    54.46
157416  157540  6.40    110.83
157422  157226  6.50    78.15
157431  157199  2.00    83.89
157436  157586  1.89    50.64
157436  157578  1.00    125.85
157451  157288  0.00    59.44
157451  157462  4.50    102.84
157454  157326  4.83    101.98
157456  157544  10.00   76.07
157456  157605  6.00    48.85
157460  157297  14.33   63.76
157462  157479  6.67    103.11
157467  157544  6.50    23.73
157467  157565  8.67    43.33
157472  157693  4.33    82.57
157479  157666  19.00   115.47
157491  157704  11.50   111.57
157498  157596  6.73    81.20
157508  157656  0.00    53.62
157508  157605  9.50    104.62
157523  157602  2.60    43.85
157523  157263  6.50    100.00
157538  157451  35.00   28.68
157540  157656  3.70    107.58
157540  157686  3.00    53.84
157544  157614  10.33   22.49
157547  157553  8.33    66.58
157547  157772  5.85    132.16
157548  157630  0.00    28.36
157553  157769  4.79    132.73
157556  157624  2.33    88.73
157556  157479  3.00    26.38
157560  157736  9.00    70.79
157560  157491  8.86    109.38
157576  157190  8.17    135.81
157578  157686  0.00    112.51
157578  157712  0.00    51.14
157579  157454  8.73    101.60
157586  157712  11.00   126.62
157586  157608  0.00    7.70
157594  157378  10.00   84.49
157596  157422  2.00    65.68
157597  157598  0.00    5.31
157598  157601  0.00    8.46
157601  157606  0.00    4.25
157602  157882  4.93    112.60
157602  157688  0.00    31.99
157605  157732  3.00    53.56
157605  157687  11.88   92.12
157606  157623  20.00   35.73
157607  157340  4.86    109.53
157607  157619  11.00   146.70
157608  157330  7.80    142.64
157608  157694  5.75    39.54
157614  157597  10.40   49.28
157614  157687  11.00   27.27
157616  157553  6.73    80.23
157619  157644  0.00    7.82
157622  157915  2.00    107.58
157623  157920  10.00   106.83
157624  157715  11.50   89.72
157627  157882  7.40    108.17
157630  157755  3.00    52.58
157642  157371  20.00   83.31
157644  157693  1.00    54.33
157656  157698  3.00    57.03
157656  157778  8.67    52.59
157666  157775  1.00    68.20
157666  157978  15.00   139.92
157670  157318  9.00    120.58
157670  157824  20.00   79.59
157671  157928  8.67    122.21
157679  157431  3.00    83.58
157679  157596  3.00    31.21
157686  157778  8.50    106.64
157686  157813  0.00    50.80
157687  157851  6.40    57.32
157688  157579  0.00    57.33
157693  157717  1.00    10.70
157694  157594  0.00    81.40
157694  157705  2.00    5.53
157697  157579  20.00   50.03
157697  157616  3.43    80.64
157698  157732  2.00    51.19
157702  157748  3.00    80.16
157702  157556  6.78    57.25
157704  157786  5.33    108.60
157705  157852  3.00    140.23
157705  157816  4.35    43.40
157706  157538  1.00    62.35
157707  157547  4.94    95.37
157712  157852  0.00    53.16
157712  157813  3.00    112.68
157715  157804  13.00   35.95
157717  157837  2.25    44.49
157732  158100  12.29   129.99
157732  157789  12.40   55.01
157736  157883  8.00    128.52
157736  157717  3.00    69.51
157739  158089  2.00    118.07
157748  157804  24.33   80.14
157753  157644  8.67    82.27
157755  158038  13.67   96.05
157755  157925  0.00    64.53
157767  157498  5.27    101.43
157769  158039  6.56    133.66
157772  158014  3.00    90.91
157772  157792  0.00    23.51
157775  157864  11.50   67.47
157778  157932  3.00    54.23
157779  157545  13.25   96.81
157786  157736  5.33    48.12
157789  157851  6.50    51.11
157792  157831  2.82    130.04
157792  158008  10.75   140.28
157793  157670  6.05    63.18
157804  157927  1.00    40.77
157813  157932  7.33    105.58
157813  157972  3.00    52.71
157816  157857  9.00    12.71
157816  157707  4.22    94.22
157818  157630  11.50   135.59
157824  158007  3.00    79.53
157825  157642  12.33   82.27
157825  157679  7.14    63.36
157831  157997  6.23    131.08
157837  157883  4.00    16.59
157837  157990  4.67    105.86
157841  157554  3.00    105.75
157851  158065  8.39    79.51
157852  157995  0.00    50.32
157852  157972  4.67    111.92
157853  157607  0.00    90.11
157853  158033  11.50   62.16
157853  157753  0.00    81.30
157857  157946  4.67    81.05
157857  157997  2.14    45.65
157861  157702  3.06    69.29
157864  158067  11.50   104.40
157901  157861  2.00    21.00
157906  157706  0.00    71.91
157912  157688  0.00    85.47
157915  157576  3.00    134.08
157925  158010  9.13    117.79
157928  157786  11.20   119.85
157936  157711  16.40   78.10
157942  157793  3.33    56.17
157973  157697  3.54    106.61
157978  157861  0.00    53.21
158027  157767  16.63   100.03
158036  157775  1.00    121.97
158041  157786  7.80    98.27
158046  157698  4.44    127.11
158071  157779  20.00   98.62
158072  157864  21.63   80.32
158088  157793  11.20   124.80
158166  157818  11.50   140.04
158168  157789  7.85    132.59
1 0 
2 3 157011 157107 156608 156685 156591 156461
3 0 
