18 38 2 2 1 2 908.27 495.42
366 1
373 1
374 1
376 1
379 1
380 2
382 2
384 1
385 1
387 2
390 2
391 1
392 1
393 1
395 1
396 2
397 2
398 2
366 373 10 82.57
373 379 0 82.56
374 366 2.5 92.65
374 376 0 32.25
376 385 10 132.53
379 384 3 85.45
380 374 1 95.11
382 376 0 86.80
382 387 0 36.05
384 391 0 85.45
385 379 3 92.70
385 392 10 84.65
387 380 1.89 91.32
390 387 3 55.79
390 382 3.75 64.64
392 395 8 84.65
393 391 1.14 59.33
395 393 1.44 33.55
396 395 1.77 45.42
397 390 2.68 144.12
398 396 2.95 37.09
398 397 5.57 34.60
373 366 10 82.57
376 374 0 32.25
376 382 0 86.80
379 385 3 92.70
379 373 0 82.56
382 390 3.75 64.64
384 379 3 85.45
385 376 10 132.53
387 382 0 36.05
391 393 1.14 59.33
391 384 0 85.45
392 385 10 84.65
393 395 1.44 33.55
395 396 1.77 45.42
395 392 8 84.65
396 398 2.95 37.09
1 3 397 390 376 385 392 395
