46 95 2 2 2 2 2886.26 825.7
319 1
328 1
332 1
341 1
343 1
348 1
350 2
353 1
357 1
358 1
359 2
361 2
362 2
364 1
365 1
366 2
368 2
370 1
371 1
372 2
373 1
374 2
375 2
376 2
377 1
378 1
379 2
380 2
381 2
382 2
383 1
384 1
385 2
386 1
387 2
389 2
390 2
391 1
392 2
393 2
394 2
395 2
396 2
397 2
398 2
400 2
319 332 4.75 119.79
319 328 6.5 90.63
328 341 11 97.00
328 343 12.75 119.45
332 348 6.5 119.79
341 353 0 119.17
341 350 4.67 90.32
343 358 8.2 119.45
348 357 10 82.38
350 361 10 103.18
350 359 1.67 95.96
353 366 0 119.18
357 364 0 82.38
358 365 6.5 82.52
358 348 7 91.63
359 362 10 14.73
361 368 0 103.18
362 375 2 133.85
364 370 5.5 84.97
365 371 10 82.52
366 373 10 82.57
366 358 9 93.22
368 372 10 124.10
368 374 0 31.98
370 377 2.5 85.02
371 378 1 85.28
371 364 10 92.35
372 359 4.07 135.82
373 379 0 82.56
374 376 0 32.25
374 366 2.5 92.65
375 381 1.5 102.59
376 385 10 132.53
378 383 3 85.27
379 371 9.53 92.17
379 384 3 85.45
380 374 1 95.11
380 372 5.32 102.28
381 380 1 14.74
381 389 5.75 115.62
382 376 0 86.80
382 387 0 36.05
383 377 1.78 90.83
384 391 0 85.45
385 379 3 92.70
385 392 10 84.65
386 383 4.48 24.04
387 380 1.89 91.32
389 394 3.75 101.21
390 387 3 55.79
390 382 3.75 64.64
391 386 1.22 69.69
392 395 8 84.65
393 391 1.14 59.33
394 400 2 101.30
395 393 1.44 33.55
396 395 1.77 45.42
397 390 2.68 144.12
398 397 5.57 34.60
398 396 2.95 37.09
400 398 2.6 31.93
332 319 4.75 119.79
348 332 6.5 119.79
353 341 0 119.17
357 348 10 82.38
361 350 10 103.18
364 371 10 92.35
364 357 0 82.38
366 353 0 119.18
368 361 0 103.18
370 364 5.5 84.97
371 379 9.53 92.17
372 368 10 124.10
373 366 10 82.57
374 368 0 31.98
376 382 0 86.80
376 374 0 32.25
377 383 1.78 90.83
377 370 2.5 85.02
379 373 0 82.56
379 385 3 92.70
382 390 3.75 64.64
383 386 4.48 24.04
384 379 3 85.45
385 376 10 132.53
386 391 1.22 69.69
387 382 0 36.05
391 393 1.14 59.33
391 384 0 85.45
392 385 10 84.65
393 395 1.44 33.55
395 396 1.77 45.42
395 392 8 84.65
396 398 2.95 37.09
398 400 2.6 31.93
1 4 371 378 343 358 348 357 319 328
2 4 372 359 397 390 376 385 392 395
