24 49 2 2 1 2 908.27 495.42
358 1
365 1
366 1
371 1
373 1
374 2
376 2
378 1
379 1
380 2
382 2
383 1
384 1
385 1
386 1
387 2
390 2
391 1
392 1
393 1
395 1
396 2
397 2
398 2
358 365 6.5 82.52
365 371 10 82.52
366 373 10 82.57
366 358 9 93.22
371 378 1 85.28
373 379 0 82.56
374 366 2.5 92.65
374 376 0 32.25
376 385 10 132.53
378 383 3 85.27
379 371 9.53 92.17
379 384 3 85.45
380 374 1 95.11
382 387 0 36.05
382 376 0 86.80
384 391 0 85.45
385 379 3 92.70
385 392 10 84.65
386 383 4.48 24.04
387 380 1.89 91.32
390 387 3 55.79
390 382 3.75 64.64
391 386 1.22 69.69
392 395 8 84.65
393 391 1.14 59.33
395 393 1.44 33.55
396 395 1.77 45.42
397 390 2.68 144.12
398 396 2.95 37.09
398 397 5.57 34.60
371 379 9.53 92.17
373 366 10 82.57
376 374 0 32.25
376 382 0 86.80
379 385 3 92.70
379 373 0 82.56
382 390 3.75 64.64
383 386 4.48 24.04
384 379 3 85.45
385 376 10 132.53
386 391 1.22 69.69
387 382 0 36.05
391 384 0 85.45
391 393 1.14 59.33
392 385 10 84.65
393 395 1.44 33.55
395 392 8 84.65
395 396 1.77 45.42
396 398 2.95 37.09
1 3 366 373 379 384 392 395 
