41 69 2 2 2 2 2299.68 1277.6
111 1
123 1
125 1
127 1
134 1
144 1
151 1
156 2
161 2
163 1
168 1
174 1
176 2
180 2
182 1
186 1
188 1
192 2
205 2
209 1
210 2
211 1
223 1
226 2
232 2
234 2
235 2
236 2
244 2
250 2
257 2
260 2
263 2
265 2
273 2
278 2
280 2
292 2
454 2
456 2
461 2
111 123 2.38 63.64
123 127 2 26.71
123 125 2.57 13.10
125 144 2.23 121.01
127 125 1 24.38
134 111 3.97 132.37
144 163 2.31 129.56
144 168 2.46 133.48
151 134 4.7 98.42
156 174 10.52 97.92
156 134 4.27 123.42
161 156 4.48 27.00
163 182 2.68 129.55
168 151 6.39 98.42
168 186 3.25 116.36
174 186 9.43 97.92
176 192 14.6 97.36
176 161 4.43 89.69
180 176 11.82 25.99
186 209 8.8 125.84
186 210 4.3 115.76
188 168 9.68 127.76
192 210 4.8 97.37
205 180 4.92 115.94
205 226 5 96.56
209 232 10.49 125.81
210 234 10.91 123.34
210 235 3.94 114.84
211 188 7.44 127.75
211 182 3.06 132.67
223 211 4.52 50.33
226 244 3.77 96.56
232 223 2.12 56.72
234 257 3.52 123.37
235 244 5.18 41.84
235 260 9.5 133.84
236 454 0 16.27
236 250 3 54.80
244 265 6.71 117.38
250 232 3.81 72.87
257 250 2.09 46.07
260 263 10 26.70
263 461 3 18.93
265 273 3.5 17.83
273 260 10 51.07
273 280 5.5 23.63
278 257 2.37 86.33
280 263 0 52.81
280 292 7.29 79.19
292 278 3.07 86.32
456 236 0 10.21
134 151 4.7 98.42
151 168 6.39 98.42
168 188 9.68 127.76
182 211 3.06 132.67
188 211 7.44 127.75
192 176 14.6 97.36
210 192 4.8 97.37
211 223 4.52 50.33
223 232 2.12 56.72
232 250 3.81 72.87
234 210 10.91 123.34
250 257 2.09 46.07
257 278 2.37 86.33
257 234 3.52 123.37
260 235 9.5 133.84
263 260 10 26.70
278 292 3.07 86.32
461 263 3 18.93
1 3 168 186 280 292 211 188
2 3 156 174 257 234 176 161
