879 2243 2 10 4 2 1596.86 588.32
144729  65
144849  65
144876  65
145021  65
145042  65
145172  65
145191  65
145616  65
145652  65
145822  65
145905  65
146251  65
146588  65
146595  65
146674  65
146785  65
146998  65
147064  65
147227  65
147613  65
148594  65
148818  65
148855  65
148921  65
149188  65
149340  65
149710  65
150423  38
150634  65
150817  65
150965  38
152268  38
152342  65
152972  65
152980  38
153197  65
153329  65
153620  38
153646  65
153703  38
153897  38
154082  38
154154  65
154180  38
154333  38
154657  38
154879  38
154943  38
155122  38
155168  38
155207  38
155252  38
155298  38
155325  38
144717  65
144728  65
144732  65
144767  65
144768  65
144774  65
144833  65
144834  65
144933  65
144951  65
144969  65
144976  65
145002  65
145009  65
145041  65
145051  65
145118  65
145155  65
145189  65
145194  65
145196  65
145212  65
145213  65
145214  65
145227  65
145229  65
145230  65
145236  65
145272  65
145274  65
145350  65
145358  65
145382  65
145410  65
145433  65
145442  65
145459  65
145462  65
145466  65
145475  65
145496  65
145508  65
145541  65
145546  65
145552  65
145555  65
145557  65
145568  65
145570  65
145615  65
145626  65
145654  65
145660  65
145665  65
145666  65
145670  65
145673  65
145676  65
145683  65
145696  65
145697  65
145698  65
145718  65
145727  65
145730  65
145777  65
145805  65
145815  65
145847  65
145858  65
145877  65
145879  65
145880  65
145885  65
145903  65
145933  65
145936  65
145946  65
145970  65
145972  65
145989  65
145997  65
146022  65
146024  65
146046  65
146080  65
146105  65
146111  65
146116  65
146151  65
146185  65
146189  65
146192  65
146205  65
146214  65
146231  65
146250  65
146256  65
146260  65
146297  65
146304  65
146314  65
146333  65
146336  65
146358  65
146359  65
146395  65
146433  65
146441  65
146445  65
146506  65
146510  65
146515  65
146518  65
146544  65
146546  65
146596  65
146625  65
146626  65
146647  65
146659  65
146662  65
146694  65
146695  65
146703  65
146733  65
146748  65
146754  65
146766  65
146774  65
146779  65
146783  65
146823  65
146838  65
146908  65
146912  65
146918  65
146938  65
146952  65
146953  65
146956  65
146965  65
146996  65
146997  65
147001  65
147003  65
147094  65
147101  65
147113  65
147132  65
147150  65
147154  65
147212  65
147250  65
147270  65
147280  65
147285  65
147298  65
147301  65
147303  65
147359  65
147378  65
147388  65
147398  65
147412  65
147414  65
147434  65
147435  65
147437  65
147445  65
147463  65
147471  65
147476  65
147497  65
147530  65
147553  65
147570  65
147579  65
147582  65
147585  65
147617  65
147620  65
147623  65
147637  65
147644  65
147662  65
147663  65
147696  65
147698  65
147702  65
147721  65
147752  65
147788  65
147790  65
147807  65
147816  65
147825  65
147843  65
147848  65
147895  65
147897  65
147898  65
147910  65
147922  65
147948  65
147954  65
147968  65
147971  65
147981  65
147988  65
147996  65
148006  65
148019  65
148062  65
148069  65
148070  65
148088  65
148092  65
148101  65
148112  65
148120  65
148135  65
148161  65
148163  65
148174  65
148182  65
148184  65
148230  65
148238  65
148250  65
148271  65
148285  65
148292  65
148309  65
148329  65
148357  65
148360  65
148365  65
148367  65
148389  65
148415  65
148440  65
148512  65
148520  65
148534  65
148539  65
148562  65
148595  65
148598  65
148601  65
148619  65
148620  65
148622  65
148633  65
148670  65
148677  65
148698  65
148701  65
148704  65
148716  65
148729  65
148731  65
148732  65
148747  65
148758  65
148771  65
148830  65
148841  65
148861  65
148869  65
148877  65
148879  65
148888  65
148899  65
148902  65
148922  65
148930  65
148940  65
148960  65
148964  65
148973  65
149047  65
149059  65
149098  65
149114  65
149120  65
149147  65
149153  65
149172  65
149180  65
149196  65
149221  65
149249  65
149251  65
149262  65
149273  65
149309  65
149311  65
149324  65
149336  65
149338  65
149384  65
149399  65
149401  65
149422  65
149429  65
149438  65
149446  65
149450  65
149463  65
149464  65
149465  65
149481  65
149491  65
149519  65
149532  65
149539  65
149549  65
149567  65
149581  65
149614  65
149624  65
149637  65
149639  65
149643  65
149655  65
149657  65
149658  65
149683  65
149725  65
149730  65
149750  65
149753  65
149780  65
149811  65
149822  65
149843  65
149855  65
149858  65
149868  65
149881  65
149890  65
149891  65
149907  65
149922  65
149923  65
149948  65
149977  65
149995  65
150012  65
150030  65
150031  65
150045  65
150048  65
150096  65
150105  65
150106  65
150118  65
150131  65
150134  65
150142  65
150143  65
150155  65
150183  65
150220  65
150232  65
150260  65
150276  65
150279  65
150298  65
150305  65
150312  65
150316  65
150339  65
150346  65
150351  65
150381  65
150387  65
150390  65
150395  65
150396  65
150402  65
150404  65
150437  65
150486  65
150493  65
150496  65
150507  65
150509  65
150513  65
150521  38
150534  65
150539  65
150591  65
150592  65
150597  65
150606  38
150615  65
150623  65
150630  65
150653  65
150682  65
150683  65
150688  65
150699  38
150728  65
150729  65
150730  65
150749  65
150754  65
150755  38
150765  65
150772  65
150773  65
150787  65
150804  65
150821  38
150823  65
150852  65
150856  65
150866  65
150867  65
150892  65
150899  65
150923  65
150943  65
150953  65
150961  65
150970  65
151012  38
151022  65
151037  38
151070  65
151076  65
151081  38
151107  65
151119  65
151120  38
151130  38
151134  65
151142  65
151149  38
151158  65
151167  38
151189  65
151201  65
151206  65
151224  38
151237  65
151258  65
151266  65
151283  65
151286  65
151289  38
151337  38
151338  65
151369  65
151378  38
151398  65
151401  38
151402  38
151415  38
151421  38
151448  65
151469  65
151478  38
151481  65
151491  65
151501  65
151565  65
151575  65
151586  38
151587  65
151602  65
151604  38
151619  38
151622  65
151632  65
151639  65
151641  38
151646  38
151655  38
151658  38
151660  38
151667  65
151668  38
151676  38
151681  65
151694  65
151709  38
151712  38
151722  65
151741  65
151769  38
151798  38
151805  65
151809  38
151815  38
151822  38
151836  38
151837  38
151840  38
151845  65
151846  65
151870  38
151873  38
151886  38
151889  65
151912  65
151918  65
151923  38
151925  38
151928  65
151963  65
151980  65
151984  38
151990  65
151996  38
152001  38
152007  38
152010  38
152016  38
152019  38
152066  38
152089  38
152110  65
152170  65
152177  38
152178  65
152187  38
152192  65
152196  65
152208  65
152224  65
152234  38
152238  65
152267  38
152276  65
152290  65
152294  38
152316  38
152320  65
152348  38
152370  38
152402  38
152403  38
152420  65
152427  65
152430  38
152437  38
152440  65
152452  65
152487  38
152505  65
152534  38
152538  65
152542  65
152550  38
152571  38
152573  38
152607  65
152622  38
152668  65
152677  38
152681  65
152695  38
152708  38
152710  38
152727  38
152734  38
152758  38
152765  65
152768  65
152769  65
152779  65
152782  65
152786  65
152789  65
152792  65
152793  38
152795  65
152807  38
152811  38
152816  65
152842  65
152843  38
152849  38
152852  65
152867  38
152879  38
152906  65
152911  65
152938  38
152940  38
152958  65
152967  38
152970  38
152988  65
153009  65
153023  38
153036  38
153045  38
153059  38
153063  38
153072  65
153083  38
153086  38
153098  38
153105  38
153116  65
153137  65
153139  38
153140  38
153195  38
153203  38
153205  65
153206  38
153211  38
153222  38
153240  38
153243  38
153251  38
153269  38
153283  38
153289  38
153293  65
153297  38
153298  38
153301  38
153306  38
153310  38
153313  38
153315  38
153316  38
153323  38
153352  38
153361  65
153368  38
153391  65
153413  38
153420  38
153467  38
153474  38
153477  38
153479  38
153488  65
153491  38
153513  38
153526  38
153528  38
153539  65
153548  38
153552  38
153559  38
153566  65
153574  38
153599  38
153613  65
153618  38
153628  38
153638  65
153645  65
153651  38
153663  38
153666  38
153686  38
153690  38
153691  38
153695  38
153699  38
153705  38
153706  38
153708  38
153732  38
153755  38
153770  38
153779  38
153799  38
153805  38
153806  38
153814  65
153834  38
153842  65
153846  38
153855  65
153875  38
153877  38
153893  38
153901  38
153927  38
153931  38
153933  38
153938  38
153946  38
153950  38
153951  38
153953  38
153978  38
153991  38
153997  38
154001  38
154005  38
154016  38
154021  65
154023  38
154029  65
154054  38
154072  38
154078  38
154079  38
154080  38
154103  38
154105  38
154114  38
154120  38
154121  38
154147  38
154156  38
154162  38
154186  38
154213  38
154214  38
154226  38
154228  38
154236  38
154240  38
154242  38
154245  38
154246  38
154252  38
154253  38
154255  38
154278  38
154281  38
154307  38
154308  38
154315  38
154337  38
154345  38
154349  38
154350  38
154353  38
154361  38
154363  38
154381  38
154382  38
154383  38
154456  38
154462  38
154474  38
154486  38
154488  38
154513  38
154514  38
154536  38
154545  38
154552  38
154564  38
154579  38
154584  38
154586  38
154587  38
154593  38
154601  38
154610  38
154612  38
154616  38
154621  38
154623  38
154631  38
154659  38
154675  38
154684  38
154695  38
154707  38
154743  38
154762  38
154770  38
154780  38
154793  38
154794  38
154795  38
154823  38
154824  38
154840  38
154842  38
154866  38
154874  38
154877  38
154885  38
154888  38
154889  38
154892  38
154896  38
154903  38
154906  38
154909  38
154920  38
154925  38
154940  38
154942  38
154952  38
154955  38
154999  38
155017  38
155023  38
155039  38
155044  38
155046  38
155057  38
155072  38
155076  38
155095  38
155129  38
155148  38
155152  38
155161  38
155163  38
155194  38
155220  38
155240  38
155266  38
155486  38
155489  38
155503  38
144729  145196  8.22    107.06
144833  145615  0.00    121.20
144849  145212  3.00    57.28
144876  145433  3.75    93.52
144933  145155  1.00    79.88
144951  145194  7.50    57.40
144976  145462  8.31    109.58
145021  145155  0.00    22.77
145042  145189  1.00    28.07
145051  145236  0.00    31.47
145155  145433  4.00    105.47
145172  145546  0.00    86.01
145172  145051  50.00   20.35
145189  145466  0.00    63.04
145189  145615  11.50   73.71
145191  144774  0.00    92.91
145194  145442  7.75    53.43
145194  144717  10.00   109.44
145196  145683  11.00   107.06
145212  145230  5.55    90.23
145213  144732  12.50   107.56
145214  145041  7.83    114.09
145227  144976  4.76    57.79
145229  144728  3.00    83.30
145230  145676  4.46    67.58
145230  145214  4.71    113.42
145272  145002  8.43    92.98
145272  144933  10.60   66.73
145274  145009  5.50    58.47
145274  145805  10.00   113.99
145350  145227  5.50    24.63
145350  145118  0.00    55.01
145358  145382  3.00    38.41
145358  144834  7.23    100.24
145382  144834  0.00    87.46
145382  145229  5.33    79.33
145433  145459  7.40    7.64
145442  145660  0.00    46.97
145442  144969  6.00    109.67
145459  145557  6.24    35.43
145459  145879  4.40    72.09
145462  145730  7.00    56.68
145462  145697  5.00    51.22
145466  145877  8.89    94.07
145475  145350  4.73    27.87
145496  144951  20.00   124.06
145508  145002  4.14    99.94
145541  145155  4.75    68.59
145541  145272  2.00    86.50
145546  144768  7.42    121.16
145546  145570  10.00   5.06
145552  145570  10.00   12.96
145555  145496  0.00    13.87
145557  144767  10.67   122.90
145557  145568  1.00    2.83
145568  145552  2.80    46.54
145570  145666  6.44    19.94
145615  145858  0.00    40.97
145616  145673  10.00   12.77
145616  144833  7.40    139.83
145616  145555  3.00    13.86
145626  145410  0.00    106.72
145652  145815  7.67    34.63
145654  145009  13.38   144.19
145660  145683  0.00    3.33
145660  146304  6.80    145.49
145665  145570  0.00    19.42
145665  145568  2.00    50.39
145666  145946  9.29    56.08
145666  145727  11.50   12.40
145670  145626  5.00    131.71
145673  145858  10.00   50.54
145673  146260  3.00    101.22
145676  145670  0.00    22.42
145676  146022  6.45    52.68
145683  145933  10.25   53.81
145696  145274  6.50    86.31
145696  145358  3.00    60.33
145697  145933  11.67   53.46
145697  146185  9.43    107.79
145698  145213  8.09    107.42
145698  145475  7.71    46.36
145718  145698  0.00    4.34
145727  145665  10.00   17.95
145727  145903  7.00    31.68
145730  145227  9.22    109.75
145730  145972  10.00   50.81
145777  145989  0.00    43.59
145777  145194  10.33   126.23
145805  146336  9.00    114.35
145815  145654  0.00    33.15
145815  145936  0.00    26.80
145822  145777  0.00    10.01
145847  145272  8.56    102.20
145858  145880  0.00    6.35
145879  146433  7.67    98.76
145879  145541  7.43    114.35
145880  146111  0.00    58.82
145885  146214  10.00   89.26
145885  145466  10.00   72.15
145903  146189  7.43    50.54
145905  145626  7.86    92.69
145933  146358  7.67    98.33
145946  145727  3.00    56.19
145970  145670  3.00    103.89
145972  146205  10.00   53.16
145972  145475  11.34   109.99
145997  145718  5.17    56.10
145997  145654  10.50   72.21
146022  146359  4.40    62.63
146024  145508  8.00    99.93
146080  146024  5.46    13.13
146080  146395  5.22    120.22
146105  145946  6.71    55.39
146111  145885  3.00    35.85
146111  146250  2.00    42.06
146116  145541  5.89    99.72
146151  146024  1.67    58.36
146151  146080  7.75    15.83
146185  146659  7.67    107.64
146189  146733  8.25    96.32
146189  145879  8.30    103.49
146192  145933  11.00   57.99
146205  145718  11.33   110.16
146205  146445  10.00   55.19
146214  146546  5.71    89.26
146231  146105  6.62    24.40
146231  145903  3.00    112.88
146250  146779  10.00   92.60
146250  146703  5.33    129.24
146251  145970  8.18    103.94
146256  145997  5.00    63.78
146260  146838  15.56   101.22
146297  146022  7.50    105.95
146304  146510  10.00   44.95
146304  146046  0.00    47.72
146314  146192  3.00    27.45
146314  146515  0.00    43.67
146333  145696  7.13    115.28
146333  146695  7.83    66.71
146336  145997  10.06   77.32
146358  146748  5.80    97.71
146359  146518  6.75    27.79
146359  146105  6.76    103.13
146395  145847  5.96    102.37
146395  146662  3.43    102.88
146433  146996  6.33    98.77
146441  145880  10.00   97.90
146445  146256  10.57   44.04
146445  146912  10.00   101.71
146506  146189  4.25    110.23
146506  146231  0.00    49.87
146518  146823  9.40    53.87
146518  146231  3.00    102.95
146544  146192  8.38    76.35
146588  146694  0.00    21.74
146595  146956  9.30    62.18
146595  146297  5.40    105.99
146596  146997  7.80    76.00
146596  146336  7.50    57.68
146625  146359  6.47    99.48
146626  146111  2.00    93.71
146647  146151  3.74    88.55
146659  146953  10.80   70.89
146659  146445  10.00   51.76
146662  146996  9.25    114.95
146662  146116  6.63    99.77
146674  146256  0.00    96.54
146694  146952  3.00    84.19
146694  147398  3.00    124.06
146695  147298  6.46    111.05
146695  147150  7.67    78.46
146733  147250  10.33   96.31
146748  146754  0.00    2.94
146754  146774  8.88    9.81
146766  146544  10.33   47.58
146774  146838  6.17    26.28
146779  147303  20.00   93.06
146783  146314  10.80   106.35
146785  146952  0.00    27.55
146823  147301  13.00   91.52
146823  146506  4.20    104.82
146838  147001  11.00   57.38
146908  146333  4.77    108.32
146908  146596  12.29   68.73
146918  146766  10.00   34.02
146918  146659  6.71    56.93
146938  146395  3.75    97.35
146952  147094  10.00   27.11
146953  147378  5.33    101.82
146956  147414  4.38    88.62
146956  146625  6.33    111.69
146965  146506  7.67    80.32
146996  147250  1.00    102.97
146996  147530  6.71    99.70
146997  147378  4.40    76.03
146998  146766  10.00   52.01
147001  147154  7.67    53.28
147001  146441  1.00    97.90
147003  146544  6.50    106.12
147064  147280  4.15    46.85
147064  146783  5.00    66.76
147094  147412  8.80    114.28
147094  147113  10.00   3.87
147101  146625  4.75    86.34
147101  146823  7.20    98.29
147113  147497  11.00   143.85
147113  147359  3.00    44.87
147132  146662  10.00   83.08
147150  147752  8.48    115.25
147150  146647  5.52    88.60
147154  146626  7.67    93.71
147154  147303  3.00    58.00
147212  146953  10.00   66.21
147212  146918  8.57    67.22
147227  146956  5.00    106.66
147250  147471  1.33    78.37
147250  147788  3.50    101.24
147270  146838  1.00    75.67
147270  147476  3.00    80.99
147280  147435  8.50    30.91
147280  146783  10.00   114.29
147285  147212  11.50   17.87
147285  147662  13.33   96.05
147298  147897  4.75    111.06
147301  147437  0.00    49.93
147301  147816  5.40    96.69
147303  147398  3.00    31.31
147359  147663  5.50    112.46
147359  147620  5.50    51.08
147378  147696  10.00   68.12
147388  147623  8.60    49.02
147388  146965  12.94   80.19
147398  147497  0.00    34.10
147414  147898  8.33    89.42
147414  147101  4.80    112.80
147434  146908  8.30    113.16
147435  147644  5.45    49.81
147435  147003  7.20    106.12
147445  147150  6.91    117.16
147445  146938  6.10    97.46
147463  147910  1.00    101.00
147463  146918  7.67    132.06
147471  147388  0.00    51.80
147471  147553  0.00    32.48
147476  147582  0.00    46.54
147497  147620  3.00    49.38
147530  148070  4.25    99.72
147553  147623  0.00    31.14
147553  147388  1.67    32.22
147570  147825  10.00   50.68
147570  147132  8.64    83.17
147579  148062  11.00   108.15
147579  147463  10.00   30.16
147585  147101  5.90    91.74
147613  147968  0.00    77.26
147620  147981  11.50   111.56
147620  147848  0.00    41.33
147623  147816  7.56    71.95
147623  147721  1.00    49.10
147637  147570  0.00    48.91
147637  147445  6.80    75.89
147644  147790  6.14    30.31
147644  147954  10.75   70.93
147662  148285  6.67    135.42
147696  147968  3.00    53.25
147696  147285  20.00   96.30
147698  147476  9.00    40.86
147702  147414  3.17    105.24
147721  147553  7.67    31.18
147721  147471  0.00    48.93
147752  148161  6.29    75.04
147788  148329  4.75    101.25
147790  147948  2.56    32.17
147790  147579  10.00   51.35
147807  147698  10.00   21.02
147807  147270  8.71    143.34
147816  148360  12.00   102.72
147816  148088  6.50    98.87
147825  148070  9.20    82.81
147825  147922  1.00    46.79
147843  147698  1.00    96.19
147848  147617  10.00   87.84
147848  148006  5.50    25.87
147897  148250  5.33    66.89
147897  147752  9.20    89.62
147898  148357  7.15    89.41
147922  148367  8.00    89.02
147922  147637  4.00    50.47
147948  148174  4.83    51.66
147954  148112  0.00    31.71
147968  148101  0.00    24.77
147971  147434  7.13    113.14
147988  147807  0.00    28.29
148006  147843  16.67   96.20
148006  148271  20.00   49.29
148019  147445  7.75    103.92
148062  148512  2.00    108.27
148069  148230  0.00    33.11
148069  147790  7.00    63.91
148070  148595  4.43    104.97
148070  148329  3.50    101.83
148088  148357  3.00    112.85
148088  147585  0.00    91.74
148092  147988  10.00   18.62
148092  147895  0.00    90.40
148101  148285  0.00    41.10
148112  148069  8.50    13.58
148120  148112  0.00    3.64
148135  147988  6.50    94.87
148161  148238  0.00    16.18
148163  148120  0.00    23.12
148174  148365  1.50    49.70
148182  147702  32.20   88.33
148184  147721  3.25    85.96
148230  147948  10.00   74.22
148230  148520  0.00    53.65
148238  148539  6.38    116.41
148238  148309  3.00    13.63
148250  148899  9.20    122.15
148250  148701  3.00    86.55
148271  148135  11.00   94.89
148271  148534  2.33    51.34
148285  148512  7.45    56.28
148292  148092  9.00    37.73
148292  148163  1.40    94.10
148309  148701  7.20    77.58
148309  148161  0.00    54.27
148329  148619  4.00    110.92
148329  148902  4.60    105.48
148357  148633  6.33    105.41
148357  149047  4.93    127.15
148360  148930  7.80    102.73
148365  148732  4.94    83.81
148367  148841  9.63    89.02
148389  148292  4.67    79.60
148512  148732  3.00    57.96
148520  148174  10.00   90.79
148534  148869  10.00   61.23
148534  148389  4.33    108.24
148539  148019  2.00    103.93
148539  148841  6.44    108.52
148594  148520  0.00    21.78
148595  149172  3.00    104.97
148598  147971  8.11    115.92
148598  148562  0.00    49.03
148601  148292  10.25   58.92
148601  148415  0.00    97.67
148619  148930  4.11    104.40
148619  148184  2.00    85.95
148620  148088  10.00   104.43
148622  147996  0.00    117.74
148622  148534  4.56    62.26
148633  148182  5.40    88.35
148633  148940  13.67   113.11
148698  148601  0.00    18.39
148701  149251  6.71    98.02
148704  147981  3.00    131.89
148704  148622  4.08    67.31
148704  148440  4.31    85.15
148716  149249  9.31    84.15
148716  148704  4.00    11.10
148729  149384  10.00   120.14
148731  149120  0.00    101.61
148732  148960  7.00    51.27
148732  149147  10.89   91.92
148758  148619  10.00   26.29
148758  148677  0.00    52.78
148818  148698  0.00    53.74
148830  148389  8.25    80.68
148841  149172  3.56    114.58
148841  149098  11.50   44.48
148855  148716  6.86    94.34
148869  149464  8.55    110.39
148869  148729  10.00   52.06
148877  148698  3.00    28.65
148877  148670  3.00    97.29
148879  148704  4.67    48.01
148888  148598  0.00    45.85
148888  148771  10.00   44.07
148899  149643  9.90    140.28
148899  148747  0.00    44.51
148902  149446  5.50    105.43
148921  148365  1.67    131.23
148930  149196  8.93    98.42
148930  149463  7.44    105.72
148960  148731  7.75    46.19
148960  149429  10.77   120.35
148964  148888  3.00    12.83
148964  148861  0.00    42.64
149047  148922  1.00    46.63
149047  149338  6.50    53.41
149059  148539  6.86    95.60
149098  149336  0.00    44.01
149098  149399  8.50    113.86
149114  149309  0.00    82.07
149114  148877  0.00    42.28
149147  149422  8.50    64.24
149153  148973  8.60    99.98
149153  149114  0.00    9.24
149172  149446  9.67    103.22
149180  148879  7.86    92.37
149188  149249  8.25    72.82
149196  148620  7.00    104.43
149196  149401  11.07   81.66
149221  148633  7.00    106.70
149249  149262  0.00    5.17
149251  149891  2.86    129.46
149251  149549  11.83   115.65
149262  149532  6.17    54.59
149262  148879  5.33    75.87
149262  149519  4.88    88.69
149273  148758  7.86    92.69
149309  149384  10.00   42.18
149309  148830  0.00    80.74
149324  149147  10.00   26.69
149336  149581  2.00    51.51
149338  149567  7.00    48.88
149338  149481  4.00    31.04
149340  149683  3.00    71.28
149384  149491  12.50   50.41
149399  149172  3.00    44.60
149399  149658  6.50    103.21
149401  149338  2.00    48.53
149401  149481  5.60    31.16
149422  149643  3.14    52.06
149422  148964  3.00    81.19
149429  149465  10.00   8.64
149438  149948  0.00    89.20
149438  149324  10.00   74.43
149446  149658  3.00    42.61
149446  149730  10.71   110.53
149450  149153  13.33   53.14
149450  149311  0.00    79.30
149463  150012  6.86    105.68
149464  149180  8.17    92.43
149465  149539  6.50    16.57
149481  149639  5.54    31.27
149481  149567  2.00    31.35
149491  149464  0.00    7.75
149519  149780  6.50    88.88
149532  149657  4.67    25.62
149532  149753  8.00    85.76
149539  149922  6.46    97.78
149549  149059  7.83    95.60
149549  149843  15.00   109.92
149567  149639  0.00    49.50
149567  149750  5.43    74.06
149581  149843  6.50    52.52
149581  149858  7.00    107.94
149614  149336  2.00    113.98
149614  149399  0.00    42.72
149624  149614  0.00    3.30
149639  149401  6.00    48.50
149639  150096  9.05    90.54
149643  149891  4.88    59.96
149657  149881  0.00    43.74
149657  149637  0.00    33.44
149658  149855  0.00    39.32
149683  149977  10.00   108.14
149683  150045  8.70    70.73
149710  149624  1.00    15.81
149725  149196  3.00    105.72
149730  149273  4.73    92.69
149730  150012  2.60    102.46
149750  149221  2.00    106.70
149750  150045  5.00    113.22
149753  149995  20.00   85.76
149780  150220  6.14    140.78
149811  149491  5.09    103.12
149822  149324  4.67    92.64
149843  149868  1.00    5.31
149855  149907  0.00    9.32
149858  150131  5.33    107.94
149868  150155  3.00    58.15
149868  150142  7.67    107.85
149890  149422  8.00    83.50
149891  150030  1.67    25.64
149891  150048  2.00    59.49
149907  150106  5.50    40.27
149907  149624  3.00    101.55
149922  150134  14.33   57.84
149922  149450  7.00    87.11
149923  149438  11.63   124.27
149948  150387  15.00   88.64
149995  150404  10.00   134.92
149995  149780  0.00    43.51
150012  150316  5.50    66.25
150012  150232  6.00    99.65
150030  150682  7.34    143.24
150030  150279  0.00    115.42
150031  149881  7.00    79.61
150045  150118  0.00    32.03
150045  150507  5.83    104.73
150048  149655  6.50    75.88
150048  150183  4.72    55.80
150096  150486  4.26    90.59
150105  149730  2.67    73.13
150105  150346  10.00   101.28
150106  150131  0.00    6.04
150118  150312  3.00    76.30
150131  150339  8.25    43.80
150134  149811  5.61    103.12
150134  150395  11.75   76.63
150142  150390  6.50    107.77
150143  149855  5.50    112.38
150143  150105  0.00    9.45
150155  150437  6.46    61.75
150183  149549  9.60    127.78
150183  150437  6.22    111.64
150220  150404  0.00    48.47
150220  150351  15.00   42.20
150232  150486  4.78    112.91
150232  149725  8.04    105.70
150260  149750  10.00   105.96
150276  149923  0.00    70.37
150279  150183  6.50    22.05
150298  150031  2.71    81.38
150298  149995  20.00   70.96
150305  149890  9.13    82.72
150305  149822  10.14   92.07
150316  150346  0.00    5.81
150316  150513  5.33    98.54
150339  150390  0.00    13.88
150339  150597  6.00    113.04
150346  150615  12.71   62.57
150351  150395  10.00   20.96
150351  150496  10.00   43.77
150381  150143  7.20    50.59
150381  150106  20.00   113.27
150387  150305  7.43    56.24
150390  150509  7.67    29.55
150395  150539  6.88    53.08
150396  150134  6.67    94.05
150396  149922  10.00   98.92
150402  150155  10.00   106.99
150404  150683  10.00   66.61
150423  150606  10.00   119.07
150437  150728  5.78    116.51
150437  150866  0.00    88.32
150486  150892  5.62    82.08
150486  150765  2.20    105.75
150493  150298  7.75    78.72
150493  151167  11.50   139.73
150496  150773  0.00    80.91
150507  151022  8.80    106.38
150507  150787  5.29    108.76
150509  150653  5.50    27.66
150513  150232  6.00    63.83
150521  150298  0.00    59.46
150521  150755  9.27    73.55
150534  150276  10.00   55.32
150534  150387  6.22    92.24
150539  150730  0.00    50.93
150591  150276  0.00    62.88
150591  150534  3.00    30.11
150592  150396  6.25    70.59
150597  150856  6.50    101.33
150597  150381  3.00    50.10
150606  150521  11.50   43.56
150615  150381  0.00    101.27
150615  150856  11.50   49.09
150623  150592  3.00    10.43
150630  150623  14.33   2.06
150630  150591  0.00    12.93
150634  150118  13.33   107.90
150653  150402  10.00   106.86
150653  150943  10.00   63.54
150682  150729  10.00   14.82
150682  150305  8.91    83.45
150682  150688  0.00    1.47
150683  150493  10.00   51.29
150688  151070  8.87    113.10
150688  150754  3.00    13.71
150699  150606  0.00    15.60
150728  151142  7.67    90.77
150728  150943  4.51    96.49
150729  150961  7.50    101.89
150730  151224  15.00   123.27
150749  151289  10.36   116.84
150749  150683  20.00   17.61
150754  150729  20.00   9.55
150754  151201  11.14   97.39
150755  151012  20.00   51.29
150755  150699  0.00    14.78
150765  150260  10.00   105.97
150765  151022  8.58    111.79
150773  150539  3.00    52.20
150804  150509  10.00   112.58
150804  150597  6.17    41.00
150817  150923  0.00    26.47
150856  151134  6.17    61.39
150866  151286  7.67    88.93
150867  150630  3.68    76.57
150892  150772  0.00    52.05
150892  150953  0.00    14.39
150899  150804  20.00   21.19
150923  150852  0.00    25.66
150923  151119  9.83    97.26
150943  151206  3.32    114.28
150953  151076  3.00    27.70
150953  151189  10.00   110.08
150961  150279  8.00    148.23
150961  151286  6.00    129.22
150965  151401  7.83    101.82
151012  150821  6.63    118.54
151012  151130  0.00    23.34
151022  151119  10.00   47.14
151022  151369  5.80    80.47
151037  151012  0.00    14.77
151037  151120  0.00    16.39
151070  150867  7.75    76.48
151076  151237  2.19    35.61
151076  150970  3.00    46.40
151081  150749  2.20    107.91
151107  150513  12.67   125.35
151119  151258  14.33   62.77
151120  151149  0.00    9.35
151120  151337  0.00    48.62
151130  151378  0.00    52.58
151134  150899  7.82    101.93
151134  151448  4.25    69.84
151142  151587  13.00   91.52
151149  151130  0.00    11.09
151167  151037  14.17   69.08
151167  151415  5.33    57.87
151189  151398  6.50    111.62
151201  151639  8.63    103.32
151206  150899  6.50    69.80
151206  151448  3.90    101.38
151224  151081  11.50   43.00
151237  151266  0.00    6.03
151258  151622  6.75    111.73
151258  150923  1.00    72.31
151266  151158  1.00    50.69
151266  151481  3.00    45.66
151283  151070  2.33    64.49
151286  151889  9.00    127.39
151286  151587  12.57   116.46
151289  151167  3.00    71.71
151337  151149  3.00    47.39
151337  151646  7.67    70.29
151338  151283  2.83    17.02
151369  151398  10.00   6.51
151378  151641  0.00    51.11
151398  151741  1.00    73.69
151401  151604  0.00    44.29
151402  151224  3.00    52.94
151402  150823  3.00    143.81
151415  151586  8.25    118.18
151421  151289  6.33    78.43
151421  151798  10.00   79.02
151448  151575  4.33    51.82
151448  151846  0.00    92.89
151469  151565  0.00    42.41
151469  150943  15.92   112.80
151478  151081  0.00    82.29
151478  151421  20.00   27.68
151481  151681  3.00    47.83
151481  151722  4.00    110.02
151491  151201  10.00   84.16
151491  151070  3.67    105.96
151501  151237  6.10    110.19
151575  151912  0.00    80.96
151575  151667  4.33    47.67
151586  151415  8.25    118.18
151586  151646  0.00    30.31
151587  152192  9.13    127.82
151587  151805  11.00   98.45
151602  151206  4.50    92.57
151604  151641  0.00    9.52
151604  151378  0.00    43.28
151619  151401  0.00    46.11
151619  151604  0.00    6.72
151632  151369  15.00   108.33
151632  151258  7.43    84.57
151639  150961  7.13    133.34
151639  151889  10.00   96.71
151641  151709  3.00    13.50
151641  151658  2.33    7.00
151646  151655  0.00    2.31
151655  152234  10.00   114.73
151655  151925  9.00    108.72
151658  151619  0.00    7.98
151667  151918  4.48    114.16
151667  151107  9.42    125.28
151668  151478  6.00    86.35
151676  151338  6.67    99.75
151676  151769  2.33    26.22
151681  151928  10.33   110.05
151681  151918  2.14    54.53
151694  151491  2.88    51.12
151694  151840  7.33    61.94
151709  151815  6.50    25.59
151709  151873  3.00    46.32
151712  151658  0.00    10.58
151712  151709  0.00    6.26
151722  151963  7.67    110.02
151741  151501  3.00    110.22
151741  151963  3.00    50.73
151769  152267  13.33   102.12
151769  151996  6.80    58.59
151798  151886  7.80    45.06
151805  151980  3.08    70.60
151805  151469  12.22   73.35
151809  151712  0.00    23.79
151815  151809  0.00    6.18
151815  152066  0.00    45.17
151836  152370  9.00    105.29
151836  151798  0.00    21.43
151837  151822  0.00    4.12
151840  151870  0.00    13.82
151845  151741  5.50    52.42
151846  152276  1.00    92.89
151870  151984  3.00    35.22
151873  151815  0.00    27.92
151886  152001  10.00   42.31
151886  152430  4.55    110.25
151889  152192  10.20   111.31
151889  152571  5.50    137.83
151918  152224  2.88    64.42
151918  152178  2.91    108.93
151923  151676  10.00   75.09
151923  151402  4.70    145.85
151925  151836  10.00   44.12
151925  152348  10.00   85.98
151928  152196  5.33    110.03
151963  152196  0.00    50.02
151980  151602  16.00   92.56
151980  152276  8.80    126.10
151984  152534  6.50    127.23
151984  152187  0.00    58.20
151990  151632  7.67    79.22
151990  151845  8.00    55.96
151996  152089  0.00    25.93
151996  151660  0.00    99.16
152001  152019  6.50    30.37
152001  151668  0.00    69.71
152007  152010  9.57    56.70
152010  151923  0.00    13.78
152016  151668  20.00   78.82
152016  152007  1.67    55.11
152019  152016  0.00    12.80
152019  152487  8.60    121.70
152066  152294  3.00    47.58
152066  151809  10.00   45.94
152089  152187  3.00    26.45
152110  151990  9.89    52.35
152170  151667  8.80    110.35
152177  151694  8.14    110.20
152178  152786  6.17    137.03
152178  152290  4.70    51.08
152187  152550  6.50    131.59
152192  152843  6.62    138.64
152192  152452  6.56    105.44
152196  152420  10.00   51.91
152208  151845  3.00    76.47
152224  152427  5.33    48.19
152234  151873  6.50    82.42
152238  152110  7.14    56.23
152238  151622  5.33    136.11
152267  152402  9.20    27.65
152268  152177  0.00    37.74
152276  152849  10.60   131.13
152276  152505  2.00    98.19
152290  152420  5.64    58.82
152290  152768  8.25    111.84
152294  151837  11.00   110.82
152294  152710  7.83    84.11
152316  152267  0.00    47.42
152316  152010  3.00    64.22
152320  151990  9.14    76.01
152342  152224  3.00    55.00
152348  152234  3.00    73.30
152370  152403  0.00    6.84
152402  152573  6.82    71.11
152402  152089  10.00   86.45
152403  152734  10.00   70.25
152403  152348  0.00    40.12
152420  152542  3.30    55.16
152427  152170  3.00    114.10
152427  152538  3.00    23.72
152430  152811  11.00   76.58
152430  152370  10.50   59.53
152437  151837  8.67    118.10
152440  152110  0.00    76.46
152452  151805  7.67    131.84
152452  152677  9.91    85.66
152487  152007  8.63    97.87
152505  152170  10.00   76.25
152505  152769  7.00    114.18
152538  152769  4.71    52.29
152538  152786  9.00    109.77
152542  152668  5.46    51.88
152542  152208  1.00    76.47
152550  152534  0.00    3.43
152571  152793  7.67    47.59
152571  152177  7.67    114.43
152573  152695  10.00   59.48
152573  152940  13.33   89.31
152622  152294  6.56    98.27
152668  152320  0.00    76.02
152668  152779  3.09    51.93
152677  152849  6.69    85.43
152681  152238  6.59    100.58
152681  152792  13.40   31.87
152695  152807  0.00    49.83
152708  152867  2.33    109.01
152708  152487  4.00    45.87
152710  152437  11.00   86.16
152710  153023  1.67    70.36
152727  152622  8.67    95.18
152727  153086  10.00   128.30
152734  152727  3.00    7.93
152765  152420  1.67    77.95
152765  152988  4.67    107.57
152769  152906  2.60    58.56
152769  153298  9.22    128.85
152779  152782  0.00    0.58
152779  152440  7.67    76.46
152782  152795  1.00    23.87
152786  153009  7.67    53.71
152789  152607  7.45    119.16
152792  152852  1.00    40.83
152792  152789  0.00    1.84
152795  152852  6.50    36.37
152795  152816  0.00    36.90
152807  152550  50.00   57.17
152807  152879  9.52    47.54
152811  152734  10.00   61.10
152811  153063  4.75    57.81
152816  152792  9.64    33.53
152816  152681  3.13    31.09
152842  152782  5.00    28.64
152843  153195  8.20    80.11
152843  152571  2.20    108.88
152849  153251  4.67    95.51
152849  153059  8.57    97.03
152852  152842  3.00    30.69
152852  152816  0.00    10.78
152867  152316  7.25    112.15
152879  152938  10.43   87.60
152906  153009  10.00   52.54
152911  152842  9.50    27.96
152911  152852  0.00    12.56
152938  153098  6.71    59.39
152940  153313  10.00   89.31
152958  153137  10.00   82.56
152958  152911  5.33    13.20
152967  152843  5.00    104.69
152967  152452  5.00    110.63
152970  152811  10.60   102.02
152970  153491  0.00    125.57
152972  152789  9.63    88.76
152980  152710  2.50    113.60
152988  153205  6.50    107.57
153009  153528  4.86    126.29
153009  153116  0.00    44.35
153023  153368  9.08    108.75
153023  153289  3.75    59.98
153036  152967  3.00    46.61
153045  152970  5.83    48.90
153045  152708  7.00    72.96
153059  152505  11.50   130.31
153059  153298  7.40    114.21
153063  153086  0.00    5.58
153063  153139  1.00    67.87
153072  152765  7.20    73.44
153083  152695  8.00    95.38
153086  153316  11.29   59.16
153098  153526  7.67    106.12
153105  153301  0.00    49.05
153105  153045  3.00    41.49
153140  153036  6.67    79.68
153195  153206  0.00    2.10
153195  153240  0.00    19.97
153197  153651  8.00    109.76
153203  152867  6.80    75.55
153203  153105  10.00   67.87
153205  152958  6.89    60.72
153206  153269  11.00   14.34
153211  152879  7.00    74.64
153240  153140  3.00    79.68
153243  153240  0.00    1.64
153251  153036  4.33    108.76
153251  153559  9.57    69.12
153269  153306  3.00    6.79
153283  153243  0.00    14.71
153289  153352  0.00    11.60
153293  153072  10.33   107.39
153297  153289  0.00    10.80
153297  152758  9.57    142.82
153298  153686  6.78    93.15
153298  153513  8.00    100.73
153306  153467  0.00    32.05
153306  153283  0.00    6.90
153310  153211  0.00    31.62
153310  152938  10.00   93.21
153313  153203  5.50    40.67
153315  153222  5.30    26.34
153315  153297  0.00    18.23
153316  153618  3.00    90.92
153316  153368  7.14    143.51
153329  153613  0.00    68.25
153352  153297  0.00    11.84
153352  153420  0.00    14.24
153361  153072  7.00    68.87
153368  153618  6.50    85.42
153391  153205  6.43    39.70
153413  152807  3.00    131.97
153413  153599  10.00   65.80
153420  153315  13.78   29.59
153467  153526  0.00    28.55
153467  153663  4.25    54.96
153474  153083  0.00    95.38
153474  153313  11.00   60.82
153477  153098  7.55    95.03
153477  153310  5.33    61.82
153479  153251  7.00    101.65
153488  153361  5.33    59.28
153491  153045  9.00    115.01
153513  153528  20.00   6.55
153513  153574  3.00    43.67
153526  153548  3.00    8.79
153528  153651  10.00   57.71
153539  153293  10.00   107.39
153539  153391  15.80   37.65
153548  153477  10.00   96.93
153548  153938  4.73    144.25
153552  153806  1.00    91.68
153552  153203  4.71    81.49
153559  153628  0.00    17.58
153566  153391  8.42    112.04
153574  153799  4.67    48.73
153574  153695  3.00    78.11
153599  153211  5.50    89.35
153599  153938  10.00   118.37
153613  153566  5.33    23.78
153618  153779  8.88    39.47
153620  153705  7.67    18.88
153628  153755  1.00    27.85
153638  153855  6.17    106.89
153638  153539  5.00    26.55
153645  153488  8.25    77.50
153646  153566  0.00    127.78
153646  153613  0.00    22.11
153651  153770  9.00    53.05
153663  153699  0.00    19.54
153666  153413  3.00    74.50
153666  153474  11.00   76.07
153666  153946  6.50    88.91
153686  153877  3.00    51.48
153686  153479  34.60   101.63
153690  153846  9.00    77.19
153690  153488  6.67    48.95
153691  153420  2.00    82.78
153695  153686  4.00    20.19
153695  153834  0.00    31.80
153699  153708  3.00    12.74
153703  153805  10.00   29.37
153705  153893  8.67    44.77
153705  153755  5.50    121.26
153706  153323  8.83    115.77
153708  153705  24.60   44.94
153732  153491  5.00    73.36
153732  154023  9.43    108.91
153755  153901  3.00    39.62
153770  153361  7.25    99.27
153770  153875  8.60    61.30
153779  153706  16.67   115.27
153779  153953  8.71    56.99
153805  154147  13.33   124.05
153805  154054  0.00    76.71
153806  153474  5.80    85.52
153806  153946  13.33   59.21
153814  153638  4.67    40.11
153814  153645  7.09    77.50
153842  154029  11.50   107.07
153842  153814  1.67    8.65
153846  153978  11.27   77.19
153855  154021  4.25    106.57
153875  153690  3.00    48.91
153875  154016  8.30    76.72
153877  153927  20.00   12.31
153893  154079  3.00    44.22
153893  153901  8.25    105.02
153897  153893  2.00    88.11
153901  153931  0.00    7.11
153927  153933  3.00    1.68
153931  153991  7.43    100.21
153931  154078  8.00    38.58
153933  154121  11.86   109.42
153933  154072  2.00    37.78
153938  154005  7.25    23.53
153946  154080  11.00   58.07
153946  154363  12.50   148.92
153950  153663  13.25   107.69
153951  153770  50.00   48.99
153953  154147  5.10    72.88
153953  153691  2.91    82.78
153978  153842  2.91    40.25
153991  154072  14.33   100.27
153997  153951  0.00    17.39
154001  154226  6.50    78.13
154001  153666  10.75   121.90
154005  153950  7.67    105.76
154005  154105  7.00    33.12
154016  154156  5.00    76.72
154023  154213  10.00   84.69
154023  153552  6.53    148.46
154029  154186  30.00   106.67
154072  154240  7.25    52.26
154078  154242  10.71   48.02
154079  154078  15.00   86.70
154079  154236  3.00    43.83
154080  154226  10.00   66.74
154082  154079  9.00    137.48
154103  153732  8.90    126.93
154103  154228  0.00    48.15
154105  154162  1.00    19.94
154114  154381  11.25   93.99
154114  153953  4.30    60.61
154120  153997  50.00   34.65
154121  154307  7.25    109.39
154147  154350  6.50    69.49
154154  154186  4.67    10.66
154156  154349  11.86   106.72
154156  153978  6.00    52.14
154162  154214  8.17    18.67
154162  154001  10.60   62.49
154180  154361  5.50    99.71
154186  154361  6.50    48.66
154213  154363  10.00   61.61
154213  153806  7.43    148.71
154214  154564  3.00    93.93
154226  154382  4.00    63.75
154236  154610  0.00    95.39
154236  154242  11.00   71.16
154240  154474  8.17    68.97
154240  154383  0.00    85.39
154242  154623  7.67    98.42
154245  154236  0.00    44.79
154246  154245  12.67   47.72
154252  154120  18.80   74.24
154253  154246  20.00   60.96
154253  154587  15.00   88.10
154255  154114  3.67    51.16
154255  154103  6.38    55.60
154278  154023  5.70    91.62
154281  154353  3.00    53.89
154307  154120  20.00   55.53
154308  154156  6.14    44.79
154315  154253  6.50    42.97
154333  154514  5.13    69.21
154337  154213  6.50    42.64
154337  154486  8.67    58.40
154345  154308  5.00    8.91
154349  154536  7.75    106.72
154350  154054  4.00    113.41
154350  154514  2.33    60.05
154353  154793  2.33    122.53
154361  154536  0.00    51.07
154361  154586  7.38    132.17
154363  154488  0.00    57.59
154363  154486  0.00    50.64
154381  154631  3.00    93.99
154382  154214  8.67    56.45
154383  154513  3.00    85.32
154456  154105  13.33   114.92
154462  154780  10.20   113.10
154462  154337  0.00    38.34
154474  154795  10.91   91.83
154486  154462  9.44    42.74
154486  154675  4.67    70.02
154488  154080  9.87    148.87
154514  154707  0.00    78.06
154536  154684  11.50   92.67
154536  154695  10.50   51.93
154545  154255  3.50    109.35
154545  154278  7.00    91.62
154552  154252  31.20   143.28
154552  154345  6.44    59.77
154564  154874  7.43    93.93
154584  154307  13.33   80.10
154587  154885  10.00   88.30
154593  154246  6.17    89.78
154601  154245  14.33   91.99
154610  154925  20.00   95.39
154612  154382  7.25    81.59
154616  154315  4.75    79.97
154621  154252  7.67    107.68
154623  154952  9.52    98.42
154631  154889  3.00    107.37
154631  154255  14.33   137.41
154657  154823  0.00    48.96
154659  154474  9.11    108.20
154675  154488  10.00   61.51
154695  154770  0.00    19.03
154707  154889  9.00    78.06
154743  154552  7.00    110.21
154743  154579  6.25    49.79
154762  154545  9.44    81.10
154770  154892  3.00    45.83
154780  154545  3.41    109.88
154780  154920  10.00   63.42
154793  154794  11.20   56.06
154794  154281  5.33    136.86
154795  154793  10.00   40.79
154795  154940  7.25    51.20
154823  154743  50.00   48.08
154824  154612  6.63    81.59
154824  155072  10.00   91.79
154840  154659  6.60    108.20
154840  154584  1.00    80.10
154842  154552  9.47    92.27
154842  154888  5.60    36.38
154866  154877  4.00    44.08
154866  154456  13.33   117.06
154874  154866  4.88    58.78
154874  154903  7.67    29.54
154877  154885  4.25    31.56
154877  154616  4.75    79.99
154879  154514  6.44    107.92
154885  154896  12.60   39.21
154888  155023  21.73   87.35
154889  155039  10.00   62.49
154889  154955  1.00    80.41
154892  155152  5.80    88.09
154892  154823  8.00    53.65
154896  154593  7.20    89.78
154896  154906  4.25    41.50
154903  155095  7.33    57.58
154903  155057  7.58    123.77
154906  154601  9.38    91.99
154906  154909  0.00    10.23
154909  154925  8.25    34.55
154909  155220  5.56    93.99
154920  155194  9.32    113.76
154920  155046  6.22    39.57
154925  154952  10.00   52.92
154940  155266  13.00   97.93
154942  154840  10.75   72.17
154942  154621  8.83    107.68
154943  154762  9.82    81.15
154952  154940  6.10    131.98
154999  154675  8.73    120.52
154999  154780  4.70    110.50
155017  154824  7.94    83.91
155023  155152  13.89   87.34
155044  154892  10.00   90.96
155057  155072  0.00    14.65
155072  155161  9.11    83.93
155095  155076  13.33   113.51
155095  155489  6.78    117.55
155122  154999  5.29    69.74
155129  154842  6.25    99.95
155129  155163  0.00    12.72
155148  155129  6.06    16.43
155148  154942  5.00    132.64
155152  155486  3.00    109.66
155152  155240  3.00    64.12
155163  155148  3.00    15.22
155163  155503  6.90    110.95
155168  155044  0.00    90.91
155207  155017  7.75    83.81
155252  155163  4.87    58.55
155252  154888  3.00    113.96
155298  155057  6.30    80.08
155325  155148  6.25    148.10
144717  145194  10.00   109.44
144728  145229  3.00    83.30
144732  145213  12.50   107.56
144767  145557  10.67   122.90
144768  145546  7.42    121.16
144774  145191  0.00    92.91
144833  145616  7.40    139.83
144834  145358  7.23    100.24
144834  145382  0.00    87.46
144933  145272  10.60   66.73
144951  145496  20.00   124.06
144976  145227  4.76    57.79
145002  145508  4.14    99.94
145002  145272  8.43    92.98
145009  145654  13.38   144.19
145009  145274  5.50    58.47
145041  145214  7.83    114.09
145051  145172  50.00   20.35
145118  145350  0.00    55.01
145155  145541  4.75    68.59
145155  144933  1.00    79.88
145189  145042  1.00    28.07
145194  145777  10.33   126.23
145194  144951  7.50    57.40
145196  144729  8.22    107.06
145212  144849  3.00    57.28
145213  145698  8.09    107.42
145214  145230  4.71    113.42
145227  145350  5.50    24.63
145227  145730  9.22    109.75
145229  145382  5.33    79.33
145230  145212  5.55    90.23
145236  145051  0.00    31.47
145272  145847  8.56    102.20
145272  145541  2.00    86.50
145274  145696  6.50    86.31
145350  145475  4.73    27.87
145358  145696  3.00    60.33
145382  145358  3.00    38.41
145410  145626  0.00    106.72
145433  144876  3.75    93.52
145433  145155  4.00    105.47
145442  145194  7.75    53.43
145459  145433  7.40    7.64
145462  144976  8.31    109.58
145466  145189  0.00    63.04
145466  145885  10.00   72.15
145475  145698  7.71    46.36
145475  145972  11.34   109.99
145496  145555  0.00    13.87
145508  146024  8.00    99.93
145541  145879  7.43    114.35
145541  146116  5.89    99.72
145546  145172  0.00    86.01
145555  145616  3.00    13.86
145557  145459  6.24    35.43
145568  145557  1.00    2.83
145570  145546  10.00   5.06
145570  145665  0.00    19.42
145615  145189  11.50   73.71
145615  144833  0.00    121.20
145626  145670  5.00    131.71
145626  145905  7.86    92.69
145654  145815  0.00    33.15
145654  145997  10.50   72.21
145660  145442  0.00    46.97
145670  145970  3.00    103.89
145670  145676  0.00    22.42
145673  145616  10.00   12.77
145676  145230  4.46    67.58
145683  145660  0.00    3.33
145683  145196  11.00   107.06
145696  146333  7.13    115.28
145697  145462  5.00    51.22
145698  145718  0.00    4.34
145718  145997  5.17    56.10
145718  146205  11.33   110.16
145727  145666  11.50   12.40
145730  145462  7.00    56.68
145777  145822  0.00    10.01
145805  145274  10.00   113.99
145815  145652  7.67    34.63
145847  146395  5.96    102.37
145858  145673  10.00   50.54
145858  145615  0.00    40.97
145877  145466  8.89    94.07
145879  145459  4.40    72.09
145879  146189  8.30    103.49
145880  146441  10.00   97.90
145880  145858  0.00    6.35
145885  146111  3.00    35.85
145903  146231  3.00    112.88
145903  145727  7.00    31.68
145933  146192  11.00   57.99
145933  145683  10.25   53.81
145933  145697  11.67   53.46
145936  145815  0.00    26.80
145946  146105  6.71    55.39
145970  146251  8.18    103.94
145972  145730  10.00   50.81
145989  145777  0.00    43.59
145997  146336  10.06   77.32
145997  146256  5.00    63.78
146022  145676  6.45    52.68
146022  146297  7.50    105.95
146024  146080  5.46    13.13
146046  146304  0.00    47.72
146080  146151  7.75    15.83
146105  146359  6.76    103.13
146105  146231  6.62    24.40
146111  146626  2.00    93.71
146111  145880  0.00    58.82
146116  146662  6.63    99.77
146151  146647  3.74    88.55
146185  145697  9.43    107.79
146189  145903  7.43    50.54
146189  146506  4.25    110.23
146192  146544  8.38    76.35
146192  146314  3.00    27.45
146205  145972  10.00   53.16
146214  145885  10.00   89.26
146231  146518  3.00    102.95
146231  146506  0.00    49.87
146250  146111  2.00    42.06
146256  146674  0.00    96.54
146256  146445  10.57   44.04
146260  145673  3.00    101.22
146297  146595  5.40    105.99
146304  145660  6.80    145.49
146314  146783  10.80   106.35
146333  146908  4.77    108.32
146336  146596  7.50    57.68
146336  145805  9.00    114.35
146358  145933  7.67    98.33
146359  146022  4.40    62.63
146359  146625  6.47    99.48
146395  146080  5.22    120.22
146395  146938  3.75    97.35
146433  145879  7.67    98.76
146441  147001  1.00    97.90
146445  146205  10.00   55.19
146445  146659  10.00   51.76
146506  146823  4.20    104.82
146506  146965  7.67    80.32
146510  146304  10.00   44.95
146515  146314  0.00    43.67
146518  146359  6.75    27.79
146544  146766  10.33   47.58
146544  147003  6.50    106.12
146546  146214  5.71    89.26
146596  146908  12.29   68.73
146625  146956  6.33    111.69
146625  147101  4.75    86.34
146626  147154  7.67    93.71
146647  147150  5.52    88.60
146659  146185  7.67    107.64
146659  146918  6.71    56.93
146662  146395  3.43    102.88
146662  147132  10.00   83.08
146694  146588  0.00    21.74
146695  146333  7.83    66.71
146703  146250  5.33    129.24
146733  146189  8.25    96.32
146748  146358  5.80    97.71
146754  146748  0.00    2.94
146766  146998  10.00   52.01
146766  146918  10.00   34.02
146774  146754  8.88    9.81
146779  146250  10.00   92.60
146783  147280  10.00   114.29
146783  147064  5.00    66.76
146823  147101  7.20    98.29
146823  146518  9.40    53.87
146838  146774  6.17    26.28
146838  146260  15.56   101.22
146838  147270  1.00    75.67
146908  147434  8.30    113.16
146912  146445  10.00   101.71
146918  147212  8.57    67.22
146918  147463  7.67    132.06
146938  147445  6.10    97.46
146952  146785  0.00    27.55
146952  146694  3.00    84.19
146953  147212  10.00   66.21
146953  146659  10.80   70.89
146956  147227  5.00    106.66
146956  146595  9.30    62.18
146965  147388  12.94   80.19
146996  146433  6.33    98.77
146996  146662  9.25    114.95
146997  146596  7.80    76.00
147001  146838  11.00   57.38
147003  147435  7.20    106.12
147094  146952  10.00   27.11
147101  147585  5.90    91.74
147101  147414  4.80    112.80
147113  147094  10.00   3.87
147132  147570  8.64    83.17
147150  147445  6.91    117.16
147150  146695  7.67    78.46
147154  147001  7.67    53.28
147212  147285  11.50   17.87
147250  146996  1.00    102.97
147250  146733  10.33   96.31
147270  147807  8.71    143.34
147280  147064  4.15    46.85
147285  147696  20.00   96.30
147298  146695  6.46    111.05
147301  146823  13.00   91.52
147303  146779  20.00   93.06
147303  147154  3.00    58.00
147359  147113  3.00    44.87
147378  146953  5.33    101.82
147378  146997  4.40    76.03
147388  147553  1.67    32.22
147398  146694  3.00    124.06
147398  147303  3.00    31.31
147412  147094  8.80    114.28
147414  147702  3.17    105.24
147414  146956  4.38    88.62
147434  147971  7.13    113.14
147435  147280  8.50    30.91
147437  147301  0.00    49.93
147445  148019  7.75    103.92
147445  147637  6.80    75.89
147463  147579  10.00   30.16
147471  147250  1.33    78.37
147476  147698  9.00    40.86
147476  147270  3.00    80.99
147497  147398  0.00    34.10
147497  147113  11.00   143.85
147530  146996  6.71    99.70
147553  147471  0.00    32.48
147553  147721  7.67    31.18
147579  147790  10.00   51.35
147582  147476  0.00    46.54
147585  148088  0.00    91.74
147617  147848  10.00   87.84
147620  147359  5.50    51.08
147620  147497  3.00    49.38
147623  147553  0.00    31.14
147644  147435  5.45    49.81
147662  147285  13.33   96.05
147663  147359  5.50    112.46
147696  147378  10.00   68.12
147698  147807  10.00   21.02
147698  147843  1.00    96.19
147702  148182  32.20   88.33
147721  148184  3.25    85.96
147752  147150  8.48    115.25
147752  147897  9.20    89.62
147788  147250  3.50    101.24
147790  147644  6.14    30.31
147790  148069  7.00    63.91
147807  147988  0.00    28.29
147816  147623  7.56    71.95
147816  147301  5.40    96.69
147843  148006  16.67   96.20
147848  147620  0.00    41.33
147895  148092  0.00    90.40
147897  147298  4.75    111.06
147898  147414  8.33    89.42
147910  147463  1.00    101.00
147948  147790  2.56    32.17
147948  148230  10.00   74.22
147954  147644  10.75   70.93
147968  147696  3.00    53.25
147968  147613  0.00    77.26
147971  148598  8.11    115.92
147981  147620  11.50   111.56
147988  148092  10.00   18.62
147988  148135  6.50    94.87
147996  148622  0.00    117.74
148006  147848  5.50    25.87
148019  148539  2.00    103.93
148062  147579  11.00   108.15
148069  148112  8.50    13.58
148070  147825  9.20    82.81
148070  147530  4.25    99.72
148088  147816  6.50    98.87
148088  148620  10.00   104.43
148092  148292  9.00    37.73
148101  147968  0.00    24.77
148112  147954  0.00    31.71
148112  148120  0.00    3.64
148120  148163  0.00    23.12
148135  148271  11.00   94.89
148161  147752  6.29    75.04
148163  148292  1.40    94.10
148174  148520  10.00   90.79
148174  147948  4.83    51.66
148182  148633  5.40    88.35
148184  148619  2.00    85.95
148230  148069  0.00    33.11
148238  148161  0.00    16.18
148250  147897  5.33    66.89
148271  148006  20.00   49.29
148285  147662  6.67    135.42
148285  148101  0.00    41.10
148292  148389  4.67    79.60
148292  148601  10.25   58.92
148309  148238  3.00    13.63
148329  148070  3.50    101.83
148329  147788  4.75    101.25
148357  147898  7.15    89.41
148357  148088  3.00    112.85
148360  147816  12.00   102.72
148365  148174  1.50    49.70
148365  148921  1.67    131.23
148367  147922  8.00    89.02
148389  148534  4.33    108.24
148389  148830  8.25    80.68
148415  148601  0.00    97.67
148440  148704  4.31    85.15
148512  148062  2.00    108.27
148512  148285  7.45    56.28
148520  148594  0.00    21.78
148520  148230  0.00    53.65
148534  148622  4.56    62.26
148534  148271  2.33    51.34
148539  149059  6.86    95.60
148539  148238  6.38    116.41
148562  148598  0.00    49.03
148595  148070  4.43    104.97
148598  148888  0.00    45.85
148601  148698  0.00    18.39
148619  148758  10.00   26.29
148619  148329  4.00    110.92
148620  149196  7.00    104.43
148622  148704  4.08    67.31
148633  149221  7.00    106.70
148633  148357  6.33    105.41
148670  148877  3.00    97.29
148677  148758  0.00    52.78
148698  148877  3.00    28.65
148698  148818  0.00    53.74
148701  148309  7.20    77.58
148701  148250  3.00    86.55
148704  148716  4.00    11.10
148704  148879  4.67    48.01
148716  148855  6.86    94.34
148729  148869  10.00   52.06
148731  148960  7.75    46.19
148732  148365  4.94    83.81
148732  148512  3.00    57.96
148747  148899  0.00    44.51
148758  149273  7.86    92.69
148771  148888  10.00   44.07
148830  149309  0.00    80.74
148841  148539  6.44    108.52
148841  148367  9.63    89.02
148861  148964  0.00    42.64
148869  148534  10.00   61.23
148877  149114  0.00    42.28
148879  149180  7.86    92.37
148888  148964  3.00    12.83
148899  148250  9.20    122.15
148902  148329  4.60    105.48
148922  149047  1.00    46.63
148930  148619  4.11    104.40
148930  148360  7.80    102.73
148940  148633  13.67   113.11
148960  148732  7.00    51.27
148964  149422  3.00    81.19
148973  149153  8.60    99.98
149047  148357  4.93    127.15
149059  149549  7.83    95.60
149098  148841  11.50   44.48
149114  149153  0.00    9.24
149120  148731  0.00    101.61
149147  149324  10.00   26.69
149147  148732  10.89   91.92
149153  149450  13.33   53.14
149172  148595  3.00    104.97
149172  149399  3.00    44.60
149172  148841  3.56    114.58
149180  149464  8.17    92.43
149196  148930  8.93    98.42
149196  149725  3.00    105.72
149221  149750  2.00    106.70
149251  148701  6.71    98.02
149273  149730  4.73    92.69
149309  149114  0.00    82.07
149311  149450  0.00    79.30
149324  149438  10.00   74.43
149324  149822  4.67    92.64
149336  149614  2.00    113.98
149336  149098  0.00    44.01
149338  149047  6.50    53.41
149384  149309  10.00   42.18
149384  148729  10.00   120.14
149399  149098  8.50    113.86
149399  149614  0.00    42.72
149401  149196  11.07   81.66
149422  149890  8.00    83.50
149422  149147  8.50    64.24
149429  148960  10.77   120.35
149438  149923  11.63   124.27
149446  148902  5.50    105.43
149446  149172  9.67    103.22
149450  149922  7.00    87.11
149463  148930  7.44    105.72
149464  148869  8.55    110.39
149464  149491  0.00    7.75
149465  149429  10.00   8.64
149481  149338  4.00    31.04
149481  149401  5.60    31.16
149491  149811  5.09    103.12
149491  149384  12.50   50.41
149519  149262  4.88    88.69
149539  149465  6.50    16.57
149549  150183  9.60    127.78
149549  149251  11.83   115.65
149567  149481  2.00    31.35
149581  149336  2.00    51.51
149614  149624  0.00    3.30
149624  149907  3.00    101.55
149624  149710  1.00    15.81
149639  149481  5.54    31.27
149643  148899  9.90    140.28
149643  149422  3.14    52.06
149655  150048  6.50    75.88
149658  149446  3.00    42.61
149658  149399  6.50    103.21
149683  149340  3.00    71.28
149725  150232  8.04    105.70
149730  149446  10.71   110.53
149730  150105  2.67    73.13
149750  149567  5.43    74.06
149750  150260  10.00   105.96
149753  149532  8.00    85.76
149780  149519  6.50    88.88
149780  149995  0.00    43.51
149811  150134  5.61    103.12
149822  150305  10.14   92.07
149843  149549  15.00   109.92
149843  149581  6.50    52.52
149855  150143  5.50    112.38
149855  149658  0.00    39.32
149858  149581  7.00    107.94
149868  149843  1.00    5.31
149881  150031  7.00    79.61
149890  150305  9.13    82.72
149891  149251  2.86    129.46
149891  149643  4.88    59.96
149907  149855  0.00    9.32
149922  150396  10.00   98.92
149922  149539  6.46    97.78
149923  150276  0.00    70.37
149948  149438  0.00    89.20
149977  149683  10.00   108.14
149995  149753  20.00   85.76
149995  150298  20.00   70.96
150012  149730  2.60    102.46
150012  149463  6.86    105.68
150030  149891  1.67    25.64
150031  150298  2.71    81.38
150045  149683  8.70    70.73
150045  149750  5.00    113.22
150048  149891  2.00    59.49
150096  149639  9.05    90.54
150105  150143  0.00    9.45
150106  149907  5.50    40.27
150106  150381  20.00   113.27
150118  150045  0.00    32.03
150131  150106  0.00    6.04
150131  149858  5.33    107.94
150134  149922  14.33   57.84
150134  150396  6.67    94.05
150142  149868  7.67    107.85
150143  150381  7.20    50.59
150155  150402  10.00   106.99
150155  149868  3.00    58.15
150183  150048  4.72    55.80
150183  150279  6.50    22.05
150220  149780  6.14    140.78
150232  150513  6.00    63.83
150232  150012  6.00    99.65
150260  150765  10.00   105.97
150276  150591  0.00    62.88
150276  150534  10.00   55.32
150279  150030  0.00    115.42
150279  150961  8.00    148.23
150298  150521  0.00    59.46
150298  150493  7.75    78.72
150305  150682  8.91    83.45
150305  150387  7.43    56.24
150312  150118  3.00    76.30
150316  150012  5.50    66.25
150339  150131  8.25    43.80
150346  150316  0.00    5.81
150346  150105  10.00   101.28
150351  150220  15.00   42.20
150381  150615  0.00    101.27
150381  150597  3.00    50.10
150387  150534  6.22    92.24
150387  149948  15.00   88.64
150390  150142  6.50    107.77
150390  150339  0.00    13.88
150395  150351  10.00   20.96
150395  150134  11.75   76.63
150396  150592  6.25    70.59
150402  150653  10.00   106.86
150404  149995  10.00   134.92
150404  150220  0.00    48.47
150437  150155  6.46    61.75
150437  150183  6.22    111.64
150486  150096  4.26    90.59
150486  150232  4.78    112.91
150493  150683  10.00   51.29
150507  150045  5.83    104.73
150509  150804  10.00   112.58
150509  150390  7.67    29.55
150513  150316  5.33    98.54
150513  151107  12.67   125.35
150534  150591  3.00    30.11
150539  150395  6.88    53.08
150591  150630  0.00    12.93
150592  150623  3.00    10.43
150597  150339  6.00    113.04
150597  150804  6.17    41.00
150606  150423  10.00   119.07
150615  150346  12.71   62.57
150623  150630  14.33   2.06
150630  150867  3.68    76.57
150653  150509  5.50    27.66
150682  150030  7.34    143.24
150683  150404  10.00   66.61
150683  150749  20.00   17.61
150688  150682  0.00    1.47
150728  150437  5.78    116.51
150729  150754  20.00   9.55
150729  150682  10.00   14.82
150730  150539  0.00    50.93
150749  151081  2.20    107.91
150754  150688  3.00    13.71
150765  150486  2.20    105.75
150772  150892  0.00    52.05
150787  150507  5.29    108.76
150804  150899  20.00   21.19
150821  151012  6.63    118.54
150823  151402  3.00    143.81
150852  150923  0.00    25.66
150856  150615  11.50   49.09
150856  150597  6.50    101.33
150866  150437  0.00    88.32
150867  151070  7.75    76.48
150892  150486  5.62    82.08
150899  151134  7.82    101.93
150899  151206  6.50    69.80
150923  151258  1.00    72.31
150923  150817  0.00    26.47
150943  150728  4.51    96.49
150943  150653  10.00   63.54
150943  151469  15.92   112.80
150953  150892  0.00    14.39
150961  151639  7.13    133.34
150961  150729  7.50    101.89
150970  151076  3.00    46.40
151012  151037  0.00    14.77
151012  150755  20.00   51.29
151022  150765  8.58    111.79
151022  150507  8.80    106.38
151037  151167  14.17   69.08
151070  151283  2.33    64.49
151070  151491  3.67    105.96
151070  150688  8.87    113.10
151076  150953  3.00    27.70
151081  151478  0.00    82.29
151081  151224  11.50   43.00
151107  151667  9.42    125.28
151119  151022  10.00   47.14
151119  150923  9.83    97.26
151130  151012  0.00    23.34
151134  150856  6.17    61.39
151142  150728  7.67    90.77
151158  151266  1.00    50.69
151167  151289  3.00    71.71
151167  150493  11.50   139.73
151189  150953  10.00   110.08
151201  151491  10.00   84.16
151201  150754  11.14   97.39
151206  150943  3.32    114.28
151206  151602  4.50    92.57
151224  151402  3.00    52.94
151237  151501  6.10    110.19
151237  151076  2.19    35.61
151258  151632  7.43    84.57
151258  151119  14.33   62.77
151266  151237  0.00    6.03
151283  151338  2.83    17.02
151286  150866  7.67    88.93
151286  150961  6.00    129.22
151289  151421  6.33    78.43
151289  150749  10.36   116.84
151338  151676  6.67    99.75
151369  151632  15.00   108.33
151369  151022  5.80    80.47
151378  151130  0.00    52.58
151398  151369  10.00   6.51
151398  151189  6.50    111.62
151401  150965  7.83    101.82
151402  151923  4.70    145.85
151415  151167  5.33    57.87
151421  151478  20.00   27.68
151448  151206  3.90    101.38
151448  151134  4.25    69.84
151469  151805  12.22   73.35
151478  151668  6.00    86.35
151481  151266  3.00    45.66
151491  151694  2.88    51.12
151501  151741  3.00    110.22
151565  151469  0.00    42.41
151575  151448  4.33    51.82
151587  151286  12.57   116.46
151587  151142  13.00   91.52
151602  151980  16.00   92.56
151622  151258  6.75    111.73
151622  152238  5.33    136.11
151632  151990  7.67    79.22
151639  151201  8.63    103.32
151646  151337  7.67    70.29
151646  151586  0.00    30.31
151655  151646  0.00    2.31
151660  151996  0.00    99.16
151667  151575  4.33    47.67
151667  152170  8.80    110.35
151668  152016  20.00   78.82
151668  152001  0.00    69.71
151676  151923  10.00   75.09
151681  151481  3.00    47.83
151694  152177  8.14    110.20
151722  151481  4.00    110.02
151741  151845  5.50    52.42
151741  151398  1.00    73.69
151769  151676  2.33    26.22
151798  151836  0.00    21.43
151798  151421  10.00   79.02
151805  151587  11.00   98.45
151805  152452  7.67    131.84
151822  151837  0.00    4.12
151836  151925  10.00   44.12
151837  152437  8.67    118.10
151837  152294  11.00   110.82
151840  151694  7.33    61.94
151845  152208  3.00    76.47
151845  151990  8.00    55.96
151846  151448  0.00    92.89
151870  151840  0.00    13.82
151873  152234  6.50    82.42
151886  151798  7.80    45.06
151889  151286  9.00    127.39
151889  151639  10.00   96.71
151912  151575  0.00    80.96
151918  151667  4.48    114.16
151918  151681  2.14    54.53
151923  152010  0.00    13.78
151925  151655  9.00    108.72
151928  151681  10.33   110.05
151963  151741  3.00    50.73
151963  151722  7.67    110.02
151980  151805  3.08    70.60
151984  151870  3.00    35.22
151990  152110  9.89    52.35
151990  152320  9.14    76.01
151996  151769  6.80    58.59
152001  151886  10.00   42.31
152007  152487  8.63    97.87
152007  152016  1.67    55.11
152010  152007  9.57    56.70
152010  152316  3.00    64.22
152016  152019  0.00    12.80
152019  152001  6.50    30.37
152089  151996  0.00    25.93
152089  152402  10.00   86.45
152110  152238  7.14    56.23
152110  152440  0.00    76.46
152170  152505  10.00   76.25
152170  152427  3.00    114.10
152177  152268  0.00    37.74
152177  152571  7.67    114.43
152178  151918  2.91    108.93
152187  151984  0.00    58.20
152187  152089  3.00    26.45
152192  151889  10.20   111.31
152192  151587  9.13    127.82
152196  151963  0.00    50.02
152196  151928  5.33    110.03
152208  152542  1.00    76.47
152224  151918  2.88    64.42
152224  152342  3.00    55.00
152234  151655  10.00   114.73
152234  152348  3.00    73.30
152238  152681  6.59    100.58
152267  151769  13.33   102.12
152267  152316  0.00    47.42
152276  151980  8.80    126.10
152276  151846  1.00    92.89
152290  152178  4.70    51.08
152294  152622  6.56    98.27
152294  152066  3.00    47.58
152316  152867  7.25    112.15
152320  152668  0.00    76.02
152348  151925  10.00   85.98
152348  152403  0.00    40.12
152370  151836  9.00    105.29
152370  152430  10.50   59.53
152402  152267  9.20    27.65
152403  152370  0.00    6.84
152420  152196  10.00   51.91
152420  152765  1.67    77.95
152420  152290  5.64    58.82
152427  152224  5.33    48.19
152430  151886  4.55    110.25
152437  152710  11.00   86.16
152440  152779  7.67    76.46
152452  152967  5.00    110.63
152452  152192  6.56    105.44
152487  152019  8.60    121.70
152487  152708  4.00    45.87
152505  152276  2.00    98.19
152505  153059  11.50   130.31
152534  152550  0.00    3.43
152534  151984  6.50    127.23
152538  152427  3.00    23.72
152542  152420  3.30    55.16
152550  152807  50.00   57.17
152550  152187  6.50    131.59
152571  152843  2.20    108.88
152571  151889  5.50    137.83
152573  152402  6.82    71.11
152607  152789  7.45    119.16
152622  152727  8.67    95.18
152668  152542  5.46    51.88
152677  152452  9.91    85.66
152681  152816  3.13    31.09
152695  152573  10.00   59.48
152695  153083  8.00    95.38
152708  153045  7.00    72.96
152710  152294  7.83    84.11
152710  152980  2.50    113.60
152727  152734  3.00    7.93
152734  152811  10.00   61.10
152734  152403  10.00   70.25
152758  153297  9.57    142.82
152765  153072  7.20    73.44
152768  152290  8.25    111.84
152769  152538  4.71    52.29
152769  152505  7.00    114.18
152779  152668  3.09    51.93
152782  152779  0.00    0.58
152786  152178  6.17    137.03
152786  152538  9.00    109.77
152789  152972  9.63    88.76
152789  152792  0.00    1.84
152793  152571  7.67    47.59
152807  153413  3.00    131.97
152807  152695  0.00    49.83
152811  152430  11.00   76.58
152811  152970  10.60   102.02
152816  152852  0.00    10.78
152843  152192  6.62    138.64
152843  152967  5.00    104.69
152849  152677  6.69    85.43
152849  152276  10.60   131.13
152852  152911  0.00    12.56
152867  153203  6.80    75.55
152867  152708  2.33    109.01
152879  152807  9.52    47.54
152879  153211  7.00    74.64
152906  152769  2.60    58.56
152911  152958  5.33    13.20
152938  152879  10.43   87.60
152938  153310  10.00   93.21
152940  152573  13.33   89.31
152958  153205  6.89    60.72
152967  153036  3.00    46.61
152970  153045  5.83    48.90
152988  152765  4.67    107.57
153009  152906  10.00   52.54
153009  152786  7.67    53.71
153023  152710  1.67    70.36
153036  153140  6.67    79.68
153036  153251  4.33    108.76
153045  153105  3.00    41.49
153045  153491  9.00    115.01
153059  152849  8.57    97.03
153063  152811  4.75    57.81
153072  153361  7.00    68.87
153072  153293  10.33   107.39
153083  153474  0.00    95.38
153086  153063  0.00    5.58
153086  152727  10.00   128.30
153098  153477  7.55    95.03
153098  152938  6.71    59.39
153105  153203  10.00   67.87
153116  153009  0.00    44.35
153137  152958  10.00   82.56
153139  153063  1.00    67.87
153140  153240  3.00    79.68
153195  152843  8.20    80.11
153203  153552  4.71    81.49
153203  153313  5.50    40.67
153205  152988  6.50    107.57
153205  153391  6.43    39.70
153206  153195  0.00    2.10
153211  153310  0.00    31.62
153211  153599  5.50    89.35
153222  153315  5.30    26.34
153240  153195  0.00    19.97
153240  153243  0.00    1.64
153243  153283  0.00    14.71
153251  152849  4.67    95.51
153251  153479  7.00    101.65
153269  153206  11.00   14.34
153283  153306  0.00    6.90
153289  153023  3.75    59.98
153293  153539  10.00   107.39
153297  153352  0.00    11.84
153298  153059  7.40    114.21
153298  152769  9.22    128.85
153301  153105  0.00    49.05
153306  153269  3.00    6.79
153310  153477  5.33    61.82
153313  152940  10.00   89.31
153313  153474  11.00   60.82
153315  153420  13.78   29.59
153316  153086  11.29   59.16
153323  153706  8.83    115.77
153361  153488  5.33    59.28
153361  153770  7.25    99.27
153368  153316  7.14    143.51
153368  153023  9.08    108.75
153391  153539  15.80   37.65
153391  153566  8.42    112.04
153413  153666  3.00    74.50
153420  153691  2.00    82.78
153467  153306  0.00    32.05
153474  153806  5.80    85.52
153474  153666  11.00   76.07
153477  153548  10.00   96.93
153479  153686  34.60   101.63
153488  153645  8.25    77.50
153488  153690  6.67    48.95
153491  152970  0.00    125.57
153491  153732  5.00    73.36
153513  153298  8.00    100.73
153526  153098  7.67    106.12
153526  153467  0.00    28.55
153528  153009  4.86    126.29
153528  153513  20.00   6.55
153539  153638  5.00    26.55
153548  153526  3.00    8.79
153552  154023  6.53    148.46
153559  153251  9.57    69.12
153566  153646  0.00    127.78
153566  153613  5.33    23.78
153599  153413  10.00   65.80
153613  153646  0.00    22.11
153613  153329  0.00    68.25
153618  153316  3.00    90.92
153618  153368  6.50    85.42
153628  153559  0.00    17.58
153638  153814  4.67    40.11
153645  153814  7.09    77.50
153651  153528  10.00   57.71
153651  153197  8.00    109.76
153663  153467  4.25    54.96
153663  153950  13.25   107.69
153666  154001  10.75   121.90
153686  153298  6.78    93.15
153690  153875  3.00    48.91
153691  153953  2.91    82.78
153699  153663  0.00    19.54
153705  153708  24.60   44.94
153705  153620  7.67    18.88
153706  153779  16.67   115.27
153708  153699  3.00    12.74
153732  154103  8.90    126.93
153755  153628  1.00    27.85
153755  153705  5.50    121.26
153770  153951  50.00   48.99
153770  153651  9.00    53.05
153779  153618  8.88    39.47
153799  153574  4.67    48.73
153805  153703  10.00   29.37
153806  154213  7.43    148.71
153806  153552  1.00    91.68
153814  153842  1.67    8.65
153834  153695  0.00    31.80
153842  153978  2.91    40.25
153846  153690  9.00    77.19
153855  153638  6.17    106.89
153875  153770  8.60    61.30
153877  153686  3.00    51.48
153893  153705  8.67    44.77
153893  153897  2.00    88.11
153901  153755  3.00    39.62
153901  153893  8.25    105.02
153927  153877  20.00   12.31
153931  153901  0.00    7.11
153933  153927  3.00    1.68
153938  153599  10.00   118.37
153938  153548  4.73    144.25
153946  153666  6.50    88.91
153946  153806  13.33   59.21
153950  154005  7.67    105.76
153951  153997  0.00    17.39
153953  154114  4.30    60.61
153953  153779  8.71    56.99
153978  153846  11.27   77.19
153978  154156  6.00    52.14
153991  153931  7.43    100.21
153997  154120  50.00   34.65
154001  154162  10.60   62.49
154005  153938  7.25    23.53
154016  153875  8.30    76.72
154021  153855  4.25    106.57
154023  154278  5.70    91.62
154023  153732  9.43    108.91
154029  153842  11.50   107.07
154054  153805  0.00    76.71
154054  154350  4.00    113.41
154072  153933  2.00    37.78
154072  153991  14.33   100.27
154078  154079  15.00   86.70
154078  153931  8.00    38.58
154079  153893  3.00    44.22
154079  154082  9.00    137.48
154080  153946  11.00   58.07
154080  154488  9.87    148.87
154103  154255  6.38    55.60
154105  154005  7.00    33.12
154114  154255  3.67    51.16
154120  154252  18.80   74.24
154120  154307  20.00   55.53
154121  153933  11.86   109.42
154147  153953  5.10    72.88
154147  153805  13.33   124.05
154156  154016  5.00    76.72
154156  154308  6.14    44.79
154162  154105  1.00    19.94
154186  154154  4.67    10.66
154186  154029  30.00   106.67
154213  154337  6.50    42.64
154213  154023  10.00   84.69
154214  154162  8.17    18.67
154226  154080  10.00   66.74
154226  154001  6.50    78.13
154228  154103  0.00    48.15
154236  154245  0.00    44.79
154236  154079  3.00    43.83
154240  154072  7.25    52.26
154242  154078  10.71   48.02
154242  154236  11.00   71.16
154245  154601  14.33   91.99
154245  154246  12.67   47.72
154246  154593  6.17    89.78
154246  154253  20.00   60.96
154252  154552  31.20   143.28
154252  154621  7.67    107.68
154253  154315  6.50    42.97
154255  154545  3.50    109.35
154255  154631  14.33   137.41
154278  154545  7.00    91.62
154281  154794  5.33    136.86
154307  154121  7.25    109.39
154307  154584  13.33   80.10
154308  154345  5.00    8.91
154315  154616  4.75    79.97
154337  154462  0.00    38.34
154345  154552  6.44    59.77
154349  154156  11.86   106.72
154350  154147  6.50    69.49
154353  154281  3.00    53.89
154361  154180  5.50    99.71
154361  154186  6.50    48.66
154363  154213  10.00   61.61
154363  153946  12.50   148.92
154381  154114  11.25   93.99
154382  154226  4.00    63.75
154383  154240  0.00    85.39
154462  154486  9.44    42.74
154474  154659  9.11    108.20
154474  154240  8.17    68.97
154486  154363  0.00    50.64
154486  154337  8.67    58.40
154488  154363  0.00    57.59
154488  154675  10.00   61.51
154513  154383  3.00    85.32
154514  154879  6.44    107.92
154514  154333  5.13    69.21
154514  154350  2.33    60.05
154536  154349  7.75    106.72
154536  154361  0.00    51.07
154545  154762  9.44    81.10
154545  154780  3.41    109.88
154552  154842  9.47    92.27
154552  154743  7.00    110.21
154579  154743  6.25    49.79
154584  154840  1.00    80.10
154586  154361  7.38    132.17
154587  154253  15.00   88.10
154593  154896  7.20    89.78
154601  154906  9.38    91.99
154610  154236  0.00    95.39
154616  154877  4.75    79.99
154621  154942  8.83    107.68
154623  154242  7.67    98.42
154631  154381  3.00    93.99
154659  154840  6.60    108.20
154675  154999  8.73    120.52
154675  154486  4.67    70.02
154684  154536  11.50   92.67
154695  154536  10.50   51.93
154707  154514  0.00    78.06
154743  154823  50.00   48.08
154762  154943  9.82    81.15
154770  154695  0.00    19.03
154780  154462  10.20   113.10
154780  154999  4.70    110.50
154793  154795  10.00   40.79
154793  154353  2.33    122.53
154794  154793  11.20   56.06
154795  154474  10.91   91.83
154823  154657  0.00    48.96
154823  154892  8.00    53.65
154840  154942  10.75   72.17
154842  155129  6.25    99.95
154866  154874  4.88    58.78
154877  154866  4.00    44.08
154885  154877  4.25    31.56
154885  154587  10.00   88.30
154888  154842  5.60    36.38
154888  155252  3.00    113.96
154889  154631  3.00    107.37
154889  154707  9.00    78.06
154892  154770  3.00    45.83
154892  155044  10.00   90.96
154896  154885  12.60   39.21
154906  154896  4.25    41.50
154909  154906  0.00    10.23
154920  154780  10.00   63.42
154925  154610  20.00   95.39
154925  154909  8.25    34.55
154940  154795  7.25    51.20
154940  154952  6.10    131.98
154942  155148  5.00    132.64
154952  154623  9.52    98.42
154952  154925  10.00   52.92
154955  154889  1.00    80.41
154999  155122  5.29    69.74
155023  154888  21.73   87.35
155039  154889  10.00   62.49
155044  155168  0.00    90.91
155046  154920  6.22    39.57
155057  155298  6.30    80.08
155072  154824  10.00   91.79
155076  155095  13.33   113.51
155095  154903  7.33    57.58
155129  155148  6.06    16.43
155148  155325  6.25    148.10
155148  155163  3.00    15.22
155152  155023  13.89   87.34
155152  154892  5.80    88.09
155163  155129  0.00    12.72
155163  155252  4.87    58.55
155194  154920  9.32    113.76
155220  154909  5.56    93.99
155240  155152  3.00    64.12
155266  154940  13.00   97.93
155486  155152  3.00    109.66
155489  155095  6.78    117.55
155503  155163  6.90    110.95
1 3 147843 147698 149384 149491 148877 148698
2 2 154545 154278 154486 154462
3 3 149868 150155 151206 150899 149399 149658
4 1 154552 154252
